1.609581377124413848e-04 -6.051472737453877926e-04
-5.437103100121021271e-04 -2.356038021389394999e-04
1.201394334202632308e-04 5.369029822759330273e-04
2.813143655657768250e-04 -3.559453180059790611e-04
-2.618537982925772667e-04 2.719073672778904438e-04
6.468244828283786774e-04 -1.173805940197780728e-04
-4.563420079648494720e-04 -3.264324332121759653e-04
2.915328950621187687e-04 4.655915254261344671e-04
8.709653047844767570e-05 -3.785467415582388639e-04
-3.164037480019032955e-06 3.979000903200358152e-04
4.526146803982555866e-04 -4.273098602425307035e-04
-5.855319323018193245e-04 4.198489477857947350e-05
4.795716376975178719e-04 4.196337540633976460e-04
1.265242462977766991e-05 -4.399622848723083735e-04
-8.738874748814851046e-05 3.784794243983924389e-04
5.176889826543629169e-04 -3.233417519368231297e-04
-5.337346228770911694e-04 -2.782695519272238016e-04
1.263787125935778022e-04 6.048916839063167572e-04
5.172276869416236877e-04 -3.240791847929358482e-04
-3.979000903200358152e-04 -3.164037480019032955e-06
4.464895755518227816e-04 3.687053686007857323e-04
2.388437133049592376e-04 -6.536596338264644146e-04
-6.114135030657052994e-04 5.815658369101583958e-05
3.333418280817568302e-04 4.754393594339489937e-04
1.132703182520344853e-04 -3.946511133108288050e-04
-2.591575321275740862e-05 3.040827286895364523e-04
4.686158208642154932e-04 -4.016633320134133101e-04
-6.017187261022627354e-04 1.553131733089685440e-05
4.334840341471135616e-04 5.208278307691216469e-04
1.257090334547683597e-04 -5.468120798468589783e-04
-2.136521798092871904e-04 3.492864489089697599e-04
5.983398295938968658e-04 -1.944882242241874337e-04
-4.466646350920200348e-04 -3.684932016767561436e-04
1.006893289741128683e-04 6.210458232089877129e-04
5.433515179902315140e-04 -3.398638509679585695e-04
-3.558477619662880898e-04 6.322079570963978767e-06
4.852790734730660915e-04 2.004807465709745884e-04
-1.616828376427292824e-04 -5.467266892082989216e-04
-3.622233634814620018e-04 5.144224851392209530e-04
6.244199466891586781e-04 7.704534800723195076e-05
-2.590668736957013607e-04 -4.139051306992769241e-04
9.720650268718600273e-05 4.431543056853115559e-04
4.201462725177407265e-04 -4.791226238012313843e-04
-5.661271861754357815e-04 -4.192015330772846937e-05
3.560824261512607336e-04 5.692037520930171013e-04
2.432120963931083679e-04 -4.752367385663092136e-04
-3.106715739704668522e-04 1.939118810696527362e-04
6.112504051998257637e-04 -5.984703602734953165e-05
4.605433496180921793e-04 2.142240555258467793e-04
2.754965098574757576e-04 1.510890433564782143e-04
1.967439602594822645e-04 -3.755636280402541161e-04
-6.899790605530142784e-04 -4.676942480728030205e-04
-6.232639425434172153e-04 4.995367489755153656e-04
2.428353618597611785e-04 9.976507863029837608e-05
-1.273731904802843928e-04 -6.046830676496028900e-04
-8.642992470413446426e-04 -2.862068940885365009e-04
-4.549501172732561827e-04 5.380014772526919842e-04
1.484958193032070994e-04 -1.652637147344648838e-04
-8.059794199652969837e-04 -2.508034522179514170e-04
-4.321952583268284798e-04 6.316999788396060467e-04
2.782903029583394527e-04 4.149419692112132907e-05
-4.410495457705110312e-04 -5.879416130483150482e-04
-7.627075538039207458e-04 3.348951577208936214e-04
1.911473227664828300e-04 1.322221942245960236e-04
-3.732998156920075417e-04 -5.944299628026783466e-04
-9.382540592923760414e-04 -5.965220043435692787e-05
-5.230722017586231232e-04 5.444259732030332088e-04
2.169712970498949289e-04 1.160306856036186218e-04
-4.603723355103284121e-04 -5.037330556660890579e-04
-8.145266911014914513e-04 3.670673468150198460e-04
2.043369750026613474e-05 4.916717298328876495e-04
2.326131361769512296e-04 -1.460577477701008320e-04
-5.703527713194489479e-04 -5.067640449851751328e-04
-6.298890803009271622e-04 4.316054400987923145e-04
2.362186205573379993e-04 3.185769310221076012e-05
-4.056447360198944807e-04 -6.461922894231975079e-04
-9.478789288550615311e-04 -1.751355011947453022e-05
-3.287857980467379093e-04 5.668031517416238785e-04
1.677362888585776091e-04 -2.494159853085875511e-04
-8.126479806378483772e-04 -3.185459936503320932e-04
-5.486751324497163296e-04 5.608897772617638111e-04
2.140030846931040287e-04 2.259781758766621351e-04
-3.669814032036811113e-05 -5.175151163712143898e-04
-8.931694901548326015e-04 -1.599612878635525703e-04
-1.478331105317920446e-04 4.532129387371242046e-04
-4.205066943541169167e-06 -4.658258403651416302e-04
-9.352618944831192493e-04 -1.694789389148354530e-04
-3.803946310654282570e-04 5.993130616843700409e-04
2.392191090621054173e-04 -7.815384014975279570e-05
-6.479591829702258110e-04 -4.579970263876020908e-04
-6.491958047263324261e-04 5.156576517038047314e-04
1.689562923274934292e-04 3.263491671532392502e-04
1.124012924265116453e-04 -3.948995145037770271e-04
-6.286895950324833393e-04 -5.421901587396860123e-04
-7.561311940662562847e-04 4.027313552796840668e-04
1.815137511584907770e-04 1.743173925206065178e-04
-2.631742390803992748e-04 -5.914896610192954540e-04
-9.352618944831192493e-04 -1.694789389148354530e-04
-6.232730229385197163e-04 4.995253984816372395e-04
2.007616858463734388e-04 9.014698298415169120e-05
-5.187320057302713394e-04 -5.391438608057796955e-04
-7.561426027677953243e-04 4.027100512757897377e-04
1.851651904871687293e-04 3.522049810271710157e-04
6.371538620442152023e-05 -4.724372411146759987e-04
-8.287917589768767357e-04 -3.445975016802549362e-04
-4.291849036235362291e-04 5.217051366344094276e-04
2.067725436063483357e-04 -1.298206188948825002e-04
-4.995253984816372395e-04 -6.232730229385197163e-04
-9.442702867090702057e-04 1.605062570888549089e-04
-8.952747157309204340e-05 4.886720562353730202e-04
-2.174780238419771194e-04 -4.039740306325256824e-04
-7.627814193256199360e-04 3.347270248923450708e-04
2.849045267794281244e-04 1.093954051611945033e-04
-5.414611077867448330e-04 -6.330067408271133900e-04
-6.654021563008427620e-04 4.898377228528261185e-04
1.550686865812167525e-04 -9.738255903357639909e-05
-7.735759718343615532e-04 -1.989348675124347210e-04
-2.445961581543087959e-04 5.860546370968222618e-04
2.746782265603542328e-04 -1.364594791084527969e-04
-3.472108219284564257e-04 -6.107992376200854778e-04
-8.991968352347612381e-04 6.006509647704660892e-05
-8.943978173192590475e-05 4.886881215497851372e-04
2.194019325543195009e-04 -2.818896318785846233e-04
-4.669150803238153458e-04 -5.717055755667388439e-04
-9.286374552175402641e-04 -1.016610476654022932e-04
-4.225762677378952503e-04 5.896257935091853142e-04
2.584702451713383198e-04 -1.622685085749253631e-04
-6.028659408912062645e-04 -5.583930178545415401e-04
-9.184665977954864502e-04 1.440108462702482939e-04
-4.389281966723501682e-04 5.636825226247310638e-04
2.494413638487458229e-04 1.676985848462209105e-04
-3.570067055989056826e-04 -5.686244694516062737e-04
-8.535518427379429340e-04 2.475055516697466373e-04
-5.412206519395112991e-06 5.079003749415278435e-04
2.842925896402448416e-04 -1.785346976248547435e-04
-4.831632832065224648e-04 -5.975347594358026981e-04
-7.790633244439959526e-04 3.087400109507143497e-04
1.623433345230296254e-04 2.584232715889811516e-04
-9.502643661107867956e-05 -5.529703339561820030e-04
-8.383849053643643856e-04 -3.026175254490226507e-04
-6.654222961515188217e-04 4.898104234598577023e-04
1.911327417474240065e-04 1.322432362940162420e-04
-4.249043413437902927e-04 -5.620333831757307053e-04
-9.053102694451808929e-04 2.797554479911923409e-04
-1.929675636347383261e-04 5.535724340006709099e-04
2.620656159706413746e-04 1.561091630719602108e-05
-3.990171244367957115e-04 -5.782874650321900845e-04
-6.948242080397903919e-04 3.281978133600205183e-04
2.103707229252904654e-04 4.809494566870853305e-05
-4.151752218604087830e-04 -6.041816086508333683e-04
-9.346542065031826496e-04 1.184314605779945850e-04
-1.766360510373488069e-04 5.794507451355457306e-04
1.352204708382487297e-04 -3.011425142176449299e-04
-8.126611355692148209e-04 -3.185127279721200466e-04
-5.745817325077950954e-04 5.770597490482032299e-04
1.947436539921909571e-04 3.101508482359349728e-04
4.759657895192503929e-05 -4.982726532034575939e-04
-8.480808464810252190e-04 -2.603353059384971857e-04
-3.449991636443883181e-04 5.409669829532504082e-04
2.326030225958675146e-04 -1.460738421883434057e-04
-3.214977623429149389e-04 -6.269484874792397022e-04
-9.286304120905697346e-04 -1.017253089230507612e-04
-3.449991636443883181e-04 5.409669829532504082e-04
2.001720713451504707e-04 -1.977331266971305013e-04
-6.545940996147692204e-04 -5.258905002847313881e-04
-9.022072190418839455e-04 1.700599386822432280e-04
-4.063739615958184004e-04 6.154557340778410435e-04
2.686908701434731483e-04 8.350129792233929038e-05
-4.410495457705110312e-04 -5.879416130483150482e-04
-8.889900636859238148e-04 3.059013688471168280e-04
-7.329705113079398870e-05 5.145168397575616837e-04
2.813018509186804295e-04 -6.850850331829860806e-05
-3.892393142450600863e-04 -6.204573437571525574e-04
-6.756527582183480263e-04 2.438802330289036036e-04
2.037613303400576115e-04 -1.983411493711173534e-05
-5.576132098212838173e-04 -6.589165423065423965e-04
-8.565101888962090015e-04 3.576537710614502430e-04
1.526691194158047438e-04 3.005335747729986906e-04
-3.666041011456400156e-04 -5.265654181130230427e-04
-6.978270248509943485e-04 4.381928883958607912e-04
2.428437874186784029e-04 9.974452405003830791e-05
-1.953846222022548318e-04 -5.980477435514330864e-04
-8.738943142816424370e-04 -2.442297409288585186e-04
-6.232038722373545170e-04 4.996117204427719116e-04
2.037621306953951716e-04 -1.982576941372826695e-05
-4.831632832065224648e-04 -5.975347594358026981e-04
-9.442702867090702057e-04 1.605062570888549089e-04
-3.804606967605650425e-04 5.992711521685123444e-04
2.686666848603636026e-04 8.357910701306536794e-05
-3.570460539776831865e-04 -5.685997894033789635e-04
-8.372478769160807133e-04 2.735964080784469843e-04
-5.716354644391685724e-05 5.403513787314295769e-04
2.199899754486978054e-04 6.011789082549512386e-06
-9.488190698903053999e-05 -5.529951886273920536e-04
-8.997501572594046593e-04 -2.279814798384904861e-04
-3.449395298957824707e-04 5.410049925558269024e-04
2.326191024621948600e-04 -1.460482017137110233e-04
-4.313971148803830147e-04 -6.300317472778260708e-04
-9.544881759211421013e-04 -8.539532427676022053e-05
-4.388660308904945850e-04 5.637308931909501553e-04
2.230230456916615367e-04 -1.039248818415217102e-04
-6.802702555432915688e-04 -5.098850233480334282e-04
-7.561311940662562847e-04 4.027313552796840668e-04
3.011319495271891356e-05 4.495930625125765800e-04
2.356295008212327957e-04 -2.560430439189076424e-04
-6.123124039731919765e-04 -5.165209877304732800e-04
-6.719815428368747234e-04 4.219635156914591789e-04
2.043684653472155333e-04 2.680705219972878695e-04
-2.041354309767484665e-05 -4.916725447401404381e-04
-7.319902069866657257e-04 -4.774112021550536156e-04
-8.565597236156463623e-04 3.575352602638304234e-04
1.364292111247777939e-04 2.746932441368699074e-04
-3.407192998565733433e-04 -5.428154836408793926e-04
-9.443102171644568443e-04 1.602715346962213516e-04
-2.770570281427353621e-04 5.343650700524449348e-04
2.686724474187940359e-04 8.356050238944590092e-05
-3.828532644547522068e-04 -5.523968720808625221e-04
-8.468941086903214455e-04 3.155789454467594624e-04
7.202429696917533875e-05 4.592303594108670950e-04
2.422303950879722834e-04 -1.881322823464870453e-04
-3.731931501533836126e-04 -5.944969016127288342e-04
-9.316510986536741257e-04 8.474569767713546753e-06
-8.958129910752177238e-05 4.886621609330177307e-04
1.449342234991490841e-04 -3.431757795624434948e-04
-6.285923300310969353e-04 -5.423029651865363121e-04
-9.250465664081275463e-04 7.625468424521386623e-05
-3.125404473394155502e-04 5.926578305661678314e-04
2.163726021535694599e-04 -1.719186257105320692e-04
-7.157984655350446701e-04 -4.515121690928936005e-04
-8.307259995490312576e-04 3.412753576412796974e-04
-3.288089646957814693e-04 5.667896475642919540e-04
2.043609274551272392e-04 2.680762845557183027e-04
-8.831435116007924080e-05 -4.850676050409674644e-04
-8.895759237930178642e-04 1.808893284760415554e-05
-9.910507651511579752e-05 5.307540996000170708e-04
2.326191024621948600e-04 -1.460482017137110233e-04
-2.793989842757582664e-04 -6.173380534164607525e-04
-9.220377542078495026e-04 -3.357458626851439476e-05
-3.483962791506201029e-05 3.462160238996148109e-04
-3.761913103517144918e-04 -4.845176881644874811e-04
-7.236724486574530602e-04 4.544222319964319468e-04
2.849045267794281244e-04 1.093954051611945033e-04
-4.994998453184962273e-04 -6.232934538275003433e-04
-7.140563684515655041e-04 4.123474354855716228e-04
1.616859517525881529e-04 -2.945593587355688214e-05
-6.900016451254487038e-04 -4.676608368754386902e-04
-7.495504687540233135e-04 4.705997707787901163e-04
2.046771987807005644e-05 4.916703328490257263e-04
2.422303950879722834e-04 -1.881322823464870453e-04
-6.124050705693662167e-04 -5.164110916666686535e-04
-6.815465167164802551e-04 4.641134291887283325e-04
1.460321072954684496e-04 2.326292160432785749e-04
3.798876423388719559e-05 -4.561986424960196018e-04
-5.089475307613611221e-04 -5.813661264255642891e-04
-9.412820800207555294e-04 5.023856647312641144e-05
-1.574677444295957685e-04 4.952816525474190712e-04
1.286705955862998962e-04 -3.690394223667681217e-04
-6.543837953358888626e-04 -5.261521437205374241e-04
-9.316529612988233566e-04 8.269242243841290474e-06
-5.487211165018379688e-04 5.608448409475386143e-04
2.169712970498949289e-04 1.160306856036186218e-04
-4.410660476423799992e-04 -5.879292148165404797e-04
-9.022142621688544750e-04 1.700229186099022627e-04
-2.284080546814948320e-04 6.118835881352424622e-04
2.686816733330488205e-04 8.353091106982901692e-05
-2.470741746947169304e-04 -5.655869026668369770e-04
-9.250350994989275932e-04 7.639458635821938515e-05
-1.508703571744263172e-04 5.631976528093218803e-04
2.296097372891381383e-04 -3.604687663028016686e-05
-2.037952071987092495e-05 -4.916739999316632748e-04
-7.319705910049378872e-04 -4.774412373080849648e-04
-7.237038807943463326e-04 4.543721734080463648e-04
1.653025537962093949e-04 1.484526146668940783e-04
-3.569673863239586353e-04 -5.686492077074944973e-04
-9.448551572859287262e-04 -1.275736431125551462e-04
-6.653344025835394859e-04 4.899298655800521374e-04
1.460321072954684496e-04 2.326292160432785749e-04
-3.568653773982077837e-04 -5.687132361344993114e-04
-8.955986704677343369e-04 2.379806683165952563e-04
-1.605124125489965081e-04 6.052656099200248718e-04
2.428327861707657576e-04 9.977128502214327455e-05
-5.286869418341666460e-05 -5.433657206594944000e-04
-8.673222619108855724e-04 -1.761878083925694227e-04
-2.091735223075374961e-04 5.277345189824700356e-04
2.097829419653862715e-04 -2.398154756519943476e-04
-5.090116756036877632e-04 -5.813100142404437065e-04
-9.286233689635992050e-04 -1.017895410768687725e-04
-4.971638554707169533e-04 5.282589117996394634e-04
2.296087041031569242e-04 -3.605334495659917593e-05
-5.607083439826965332e-04 -5.488605820573866367e-04
-8.631116361357271671e-04 2.897689118981361389e-04
-2.349818096263334155e-04 5.439794040285050869e-04
2.332225267309695482e-04 1.418365573044866323e-04
-1.370559184579178691e-04 -5.625942139886319637e-04
-8.895766222849488258e-04 1.805246574804186821e-05
-1.155184581875801086e-04 5.048690363764762878e-04
2.488550089765340090e-04 -1.201844133902341127e-04
-2.211653045378625393e-04 -5.818416830152273178e-04
-9.448691271245479584e-04 -1.274694805033504963e-04
-2.770570281427353621e-04 5.343650700524449348e-04
1.514812174718827009e-04 -2.752810250967741013e-04
-8.095210068859159946e-04 -4.287756164558231831e-04
-6.329469615593552589e-04 5.415308987721800804e-04
2.849196316674351692e-04 1.093559767468832433e-04
-5.218118312768638134e-04 -4.290552169550210238e-04
-3.936872817575931549e-04 4.634306533262133598e-04
1.611441257409751415e-04 -3.173329168930649757e-04
-7.837199373170733452e-04 -4.449110710993409157e-04
-7.885899394750595093e-04 3.510404494591057301e-04
-5.468158633448183537e-06 5.078997928649187088e-04
1.860920747276395559e-05 -3.720608074218034744e-04
-8.481201948598027229e-04 -2.602070744615048170e-04
-6.653344025835394859e-04 4.899298655800521374e-04
-4.748674109578132629e-05 4.982831305824220181e-04
2.488466852810233831e-04 -1.202016355819068849e-04
-3.893680113833397627e-04 -6.203765515238046646e-04
-8.925935253500938416e-04 1.279491407331079245e-04
-2.705736551433801651e-04 6.022254237905144691e-04
1.460160128772258759e-04 2.326393296243622899e-04
2.098259865306317806e-04 -2.397778443992137909e-04
-4.151752218604087830e-04 -6.041816086508333683e-04
-8.601206936873495579e-04 1.797384466044604778e-04
4.205066943541169167e-06 4.658258403651416302e-04
1.935444888658821583e-04 -2.656700089573860168e-04
-3.731520264409482479e-04 -5.945227458141744137e-04
-9.707035496830940247e-04 -1.113489270210266113e-04
-3.708445874508470297e-04 5.571963265538215637e-04
2.326191024621948600e-04 -1.460482017137110233e-04
-4.830974212381988764e-04 -5.975880194455385208e-04
-8.931650081649422646e-04 -1.599864335730671883e-04
-7.981899543665349483e-04 3.931480168830603361e-04
-1.249866181751713157e-04 5.469776806421577930e-04
1.448585826437920332e-04 -3.432077064644545317e-04
-7.578526856377720833e-04 -4.611669573932886124e-04
-7.819938473403453827e-04 4.189286846667528152e-04
-4.743183671962469816e-05 4.982883110642433167e-04
2.584881440270692110e-04 -1.622400159249082208e-04
-5.606858176179230213e-04 -5.488835740834474564e-04
-7.723344606347382069e-04 3.769394243136048317e-04
1.075886830221861601e-04 4.009112890344113111e-04
2.260253240820020437e-04 -2.139532880391925573e-04
-4.152418696321547031e-04 -6.041357992216944695e-04
-9.118583402596414089e-04 2.119961136486381292e-04
7.517972699133679271e-05 3.492090618237853050e-04
-6.909629155416041613e-05 -5.692122504115104675e-04
-8.546411991119384766e-04 -3.283745609223842621e-04
-8.306883391924202442e-04 3.413669182918965816e-04
-7.344604819081723690e-05 5.144955939613282681e-04
1.190621042042039335e-04 -3.269610460847616196e-04
-8.030069293454289436e-04 -3.606763493735343218e-04
-7.236538804136216640e-04 4.544519470073282719e-04
-7.329705113079398870e-05 5.145168397575616837e-04
2.392158930888399482e-04 -7.816364814061671495e-05
-3.312650660518556833e-04 -5.847926368005573750e-04
-9.346673032268881798e-04 1.183284330181777477e-04
-2.703992649912834167e-04 6.023037713021039963e-04
1.977634092327207327e-04 2.001421671593561769e-04
1.448963885195553303e-04 -3.431917284615337849e-04
-5.865567363798618317e-04 -5.326358368620276451e-04
-7.303124293684959412e-04 3.864514583256095648e-04
2.139440039172768593e-04 2.260341134387999773e-04
-6.899415166117250919e-05 -5.692247068509459496e-04
-7.158170337788760662e-04 -4.514828324317932129e-04
-8.956248639151453972e-04 2.378819335717707872e-04
-2.160748408641666174e-05 4.820559988729655743e-04
-4.218192771077156067e-06 -4.658256948459893465e-04
-8.961823768913745880e-04 -5.000334931537508965e-05
-2.446607104502618313e-04 5.860276287421584129e-04
3.329949686303734779e-04 -1.009636544040404260e-04
-4.927412956021726131e-04 -5.555021343752741814e-04
-5.782322841696441174e-04 3.990971890743821859e-04
1.226242457050830126e-04 -1.490586000727489591e-04
-8.384392131119966507e-04 -3.024670877493917942e-04
-4.742519231513142586e-04 6.220943760126829147e-04
2.716846938710659742e-04 -2.641554601723328233e-05
-5.282245110720396042e-04 -4.972004098817706108e-04
-6.558635504916310310e-04 4.476459289435297251e-04
2.302242646692320704e-04 2.518317487556487322e-04
9.621900971978902817e-05 -4.207348101772367954e-04
-4.152418696321547031e-04 -6.041357992216944695e-04
-9.448640048503875732e-04 -1.275082759093493223e-04
-4.291488148737698793e-04 5.217348225414752960e-04
2.716799499467015266e-04 -2.646428038133308291e-05
-2.794669999275356531e-04 -6.173072033561766148e-04
-8.480735123157501221e-04 -2.603592001833021641e-04
-7.657962851226329803e-04 4.447217797860503197e-04
1.075444961315952241e-04 4.009231342934072018e-04
-1.045827812049537897e-04 -5.109062767587602139e-04
-9.448499185964465141e-04 -1.276124676223844290e-04
-5.485974834300577641e-04 5.609657964669167995e-04
9.136003791354596615e-05 3.750653995666652918e-04
1.869237021310254931e-04 -3.335957007948309183e-04
-7.092239102348685265e-04 -3.835416864603757858e-04
-5.649892846122384071e-04 5.349613493308424950e-04
2.560430439189076424e-04 2.356295008212327957e-04
8.657090074848383665e-05 -3.786673187278211117e-04
-5.510847549885511398e-04 -5.909336032345890999e-04
-8.859957451932132244e-04 1.958337961696088314e-04
6.552516424562782049e-05 3.912921820301562548e-04
-3.660531365312635899e-05 -5.175216938368976116e-04
-7.837382145226001740e-04 -4.448789404705166817e-04
-8.859581430442631245e-04 1.960041408892720938e-04
-2.703992649912834167e-04 6.023037713021039963e-04
1.743499597068876028e-04 -1.814824936445802450e-04
-7.091973675414919853e-04 -3.835907264146953821e-04
-7.399490568786859512e-04 4.284952592570334673e-04
-9.927374776452779770e-05 5.307226092554628849e-04
2.620645100250840187e-04 1.562905526952818036e-05
-3.215668839402496815e-04 -6.269130390137434006e-04
-8.763776859268546104e-04 1.537357456982135773e-04
-2.166058402508497238e-05 4.820535832550376654e-04
2.584478061180561781e-04 -1.623042626306414604e-04
-2.373508177697658539e-04 -6.077046855352818966e-04
-8.642559405416250229e-04 -2.863376575987786055e-04
-4.808396624866873026e-04 5.541935097426176071e-04
2.362150989938527346e-04 3.188371920259669423e-05
-9.498110739514231682e-05 -5.529781337827444077e-04
-5.607083439826965332e-04 -5.488605820573866367e-04
-9.093831758946180344e-04 -1.858714385889470577e-04
-6.071220268495380878e-04 5.252783885225653648e-04
1.911181752802804112e-04 1.322643074672669172e-04
-2.793989842757582664e-04 -6.173380534164607525e-04
-9.093703120015561581e-04 -1.859343610703945160e-04
-7.237539975903928280e-04 4.542924289125949144e-04
1.171912372228689492e-04 3.588415274862200022e-04
-7.865716179367154837e-05 -5.271468544378876686e-04
-9.220340289175510406e-04 -3.367621684446930885e-05
-3.125814255326986313e-04 5.926361773163080215e-04
1.622863783268257976e-04 2.584590401966124773e-04
9.611442510504275560e-05 -4.207587335258722305e-04
-7.897805771790444851e-04 -2.248673699796199799e-04
-1.899083144962787628e-04 4.435985465534031391e-04
3.788816684391349554e-05 -4.562069952953606844e-04
-9.093703120015561581e-04 -1.859343610703945160e-04
-2.962857251986861229e-04 6.185154779814183712e-04
1.515115727670490742e-04 -2.752643486019223928e-04
-8.156507974490523338e-04 -2.085509186144918203e-04
-2.349441638216376305e-04 5.439956439658999443e-04
2.975247334688901901e-04 -4.269471537554636598e-05
-7.871526759117841721e-05 -5.271381232887506485e-04
-7.320758304558694363e-04 -4.772798274643719196e-04
-7.982765091583132744e-04 3.929720842279493809e-04
3.005097096320241690e-05 4.495971952565014362e-04
2.163726021535694599e-04 -1.719186257105320692e-04
-1.208485482493415475e-04 -5.367438425309956074e-04
-6.966103101149201393e-04 -5.355814937502145767e-04
-8.890449535101652145e-04 3.057418507523834705e-04
-2.162724558729678392e-05 4.820550675503909588e-04
1.611002080608159304e-04 -3.173551813233643770e-04
-5.606703925877809525e-04 -5.488993483595550060e-04
-9.286304120905697346e-04 -1.017253089230507612e-04
-5.746452952735126019e-04 5.769964191131293774e-04
2.007455041166394949e-04 9.018299169838428497e-05
-3.892567183356732130e-04 -6.204464007169008255e-04
-9.412766085006296635e-04 5.034232162870466709e-05
-6.653682794421911240e-04 4.898837651126086712e-04
-4.747268394567072392e-05 4.982844111509621143e-04
2.260017645312473178e-04 -2.139781863661482930e-04
-6.996501469984650612e-04 -4.255383100826293230e-04
-5.812186282128095627e-04 5.091159255243837833e-04
2.073777432087808847e-04 1.580669777467846870e-04
4.745226760860532522e-05 -4.982864484190940857e-04
-7.158297812566161156e-04 -4.514626925811171532e-04
-6.395227974280714989e-04 4.736544215120375156e-04
2.332068979740142822e-04 1.418622268829494715e-04
-1.790911337593570352e-04 -5.722226342186331749e-04
-7.416167645715177059e-04 -4.353387630544602871e-04
-8.697918965481221676e-04 2.215970307588577271e-04
-8.288858225569128990e-05 5.565954488702118397e-04
1.027984835673123598e-04 -3.528207307681441307e-04
-8.384934626519680023e-04 -3.023166209459304810e-04
-7.236724486574530602e-04 4.544222319964319468e-04
-2.166058402508497238e-05 4.820535832550376654e-04
2.422380930511280894e-04 -1.881223579403012991e-04
-6.124408100731670856e-04 -5.163687746971845627e-04
-6.978270248509943485e-04 4.381928883958607912e-04
2.139938296750187874e-04 2.259869506815448403e-04
3.131585253868252039e-05 -5.241255857981741428e-04
-5.865198909305036068e-04 -5.326764076016843319e-04
-9.022072190418839455e-04 1.700599386822432280e-04
-1.153373013949021697e-04 5.049104220233857632e-04
1.869100378826260567e-04 -3.336033842060714960e-04
-5.607688217423856258e-04 -5.487987073138356209e-04
-9.382647112943232059e-04 -5.948386387899518013e-05
-5.908347084186971188e-04 5.511907511390745640e-04
1.977413339773193002e-04 2.001639513764530420e-04
-3.989771066699177027e-04 -5.783151136711239815e-04
-9.280743543058633804e-04 1.861852069851011038e-04
-3.125404473394155502e-04 5.926578305661678314e-04
2.073603100143373013e-04 1.580898097017779946e-04
5.433015758171677589e-06 -5.079001421108841896e-04
-8.480914402753114700e-04 -2.603004977572709322e-04
-4.645701847039163113e-04 5.800711805932223797e-04
2.073777432087808847e-04 1.580669777467846870e-04
-9.490457887295633554e-05 -5.529912887141108513e-04
-9.159842738881707191e-04 -2.537929103709757328e-04
-3.192263247910887003e-04 5.246934015303850174e-04
9.067574865184724331e-06 -3.299835952930152416e-04
-8.895786595530807972e-04 1.795441494323313236e-05
-6.672873860225081444e-05 5.824313848279416561e-04
2.356577460886910558e-04 -2.560170833021402359e-04
-6.382739520631730556e-04 -5.001601530238986015e-04
-6.979056634008884430e-04 4.380676837172359228e-04
1.947436539921909571e-04 3.101508482359349728e-04
1.610782492207363248e-04 -3.173663280904293060e-04
-2.212055260315537453e-04 -5.818263161927461624e-04
-7.836708682589232922e-04 -4.449974803719669580e-04
-7.236410165205597878e-04 4.544723778963088989e-04
1.881322823464870453e-04 2.422303950879722834e-04
-7.865716179367154837e-05 -5.271468544378876686e-04
-6.641352665610611439e-04 -4.839157045353204012e-04
-9.250487200915813446e-04 7.622863631695508957e-05
-2.866713330149650574e-04 5.764402449131011963e-04
2.259633620269596577e-04 -2.140187134500592947e-04
-6.640149513259530067e-04 -4.840808105655014515e-04
-8.956248639151453972e-04 2.378819335717707872e-04
-4.388660308904945850e-04 5.637308931909501553e-04
1.592653861735016108e-04 3.684605471789836884e-04
-4.618818638846278191e-05 -4.754519904963672161e-04
-9.093959815800189972e-04 -1.858085161074995995e-04
-5.066617741249501705e-04 5.704436916857957840e-04
1.334079861408099532e-04 3.846918989438563585e-04
1.869467669166624546e-04 -3.335827495902776718e-04
-7.415687432512640953e-04 -4.354205157142132521e-04
-5.554072558879852295e-04 4.928481648676097393e-04
2.590586082078516483e-04 1.256240357179194689e-04
-9.488190698903053999e-05 -5.529951886273920536e-04
-7.319902069866657257e-04 -4.774112021550536156e-04
-8.794001769274473190e-04 2.637302968651056290e-04
-7.333263056352734566e-05 5.145117756910622120e-04
2.356295008212327957e-04 -2.560430439189076424e-04
-3.827541659120470285e-04 -5.524656153284013271e-04
-9.352010674774646759e-04 -1.698145060800015926e-04
-6.232934538275003433e-04 4.994998453184962273e-04
1.977715874090790749e-04 2.001340762944892049e-04
-2.634107368066906929e-04 -5.913844215683639050e-04
-9.316523792222142220e-04 8.333678124472498894e-06
-4.808169906027615070e-04 5.542133003473281860e-04
1.688843622105196118e-04 3.263863618485629559e-04
2.828618744388222694e-05 -4.141317040193825960e-04
-8.577345870435237885e-04 -2.181318704970180988e-04
-4.905626992695033550e-04 5.961803835816681385e-04
2.139532880391925573e-04 2.260253240820020437e-04
2.098093827953562140e-04 -2.397923672106117010e-04
-3.471857635304331779e-04 -6.108134984970092773e-04
-9.154268191196024418e-04 3.415514947846531868e-05
-1.153166085714474320e-04 5.049151950515806675e-04
1.773277763277292252e-04 -2.915086224675178528e-04
-4.410902329254895449e-04 -5.879111122339963913e-04
-8.931473712436854839e-04 -1.600849209353327751e-04
-5.067640449851751328e-04 5.703527713194489479e-04
2.199903829023241997e-04 5.996567779220640659e-06
-4.410253604874014854e-04 -5.879597738385200500e-04
-9.575003059580922127e-04 2.453324850648641586e-05
-5.811978480778634548e-04 5.091397906653583050e-04
4.626011650543659925e-05 4.754449764732271433e-04
1.027351972879841924e-04 -3.528391825966536999e-04
-8.156652329489588737e-04 -2.084945153910666704e-04
-2.091370261041447520e-04 5.277489544823765755e-04
2.356118056923151016e-04 -2.560593711677938700e-04
-6.189657724462449551e-04 -5.843753460794687271e-04
-7.303283782675862312e-04 3.864215104840695858e-04
1.424537913408130407e-04 5.469368625199422240e-05
-6.833490333519876003e-04 -3.998154425062239170e-04
-6.329845055006444454e-04 5.414870684035122395e-04
1.947222044691443443e-04 3.101642942056059837e-04
2.171372761949896812e-05 -4.820511967409402132e-04
-8.318542968481779099e-04 -2.344880776945501566e-04
-3.709217126015573740e-04 5.571449873968958855e-04
2.458351664245128632e-04 -1.023385993903502822e-05
-1.045408571371808648e-04 -5.109148914925754070e-04
-6.543621420860290527e-04 -5.261790356598794460e-04
-8.469070889987051487e-04 3.155442245770245790e-04
9.137060260400176048e-05 3.750628093257546425e-04
4.752761742565780878e-05 -4.982792306691408157e-04
-6.802912685088813305e-04 -5.098570836707949638e-04
-9.088454535230994225e-04 1.018759794533252716e-04
-3.288482257630676031e-04 5.667669465765357018e-04
2.230001264251768589e-04 -1.039740527630783617e-04
-5.089073674753308296e-04 -5.814013420604169369e-04
-9.508899529464542866e-04 9.252023301087319851e-05
-5.973947700113058090e-04 4.833363345824182034e-04
-8.297270687762647867e-05 5.565828760154545307e-04
2.326292160432785749e-04 -1.460321072954684496e-04
-6.124262581579387188e-04 -5.163860041648149490e-04
-7.237038807943463326e-04 4.543721734080463648e-04
1.172160482383333147e-04 3.588334366213530302e-04
2.031743351835757494e-04 -3.077361907344311476e-04
-5.607688217423856258e-04 -5.487987073138356209e-04
-7.724020979367196560e-04 3.768007736653089523e-04
1.394577702740207314e-04 1.646830496611073613e-04
-2.631985116750001907e-04 -5.914788926020264626e-04
-8.643190376460552216e-04 -2.861470857169479132e-04
-7.982060196809470654e-04 3.931152750737965107e-04
2.046771987807005644e-05 4.916703328490257263e-04
-4.153727786615490913e-06 -4.658263060264289379e-04
-8.961899438872933388e-04 -4.986778367310762405e-05
-2.867348375730216503e-04 5.764086381532251835e-04
2.686724474187940359e-04 8.356050238944590092e-05
-1.791146205505356193e-04 -5.722153582610189915e-04
-9.220293723046779633e-04 -3.380383714102208614e-05
-1.412383862771093845e-04 5.211271345615386963e-04
2.193708787672221661e-04 -2.819138171616941690e-04
-3.732586919795721769e-04 -5.944557487964630127e-04
-8.546411991119384766e-04 -3.283745609223842621e-04
-6.816296954639256001e-04 4.639911639969795942e-04
1.977495558094233274e-04 2.001558605115860701e-04
-3.310552274342626333e-04 -5.849114968441426754e-04
-9.316529612988233566e-04 8.269242243841290474e-06
-6.070641102269291878e-04 5.253453273326158524e-04
1.238468394149094820e-04 4.267486510798335075e-04
2.826919080689549446e-05 -4.141328390687704086e-04
-8.739212062209844589e-04 -2.441334072500467300e-04
-5.651222891174256802e-04 5.348209524527192116e-04
1.526899141026660800e-04 3.005230100825428963e-04
2.031956537393853068e-04 -3.077221335843205452e-04
-6.028200732544064522e-04 -5.584424943663179874e-04
-7.302431622520089149e-04 3.865824546664953232e-04
1.947436539921909571e-04 3.101508482359349728e-04
9.623628284316509962e-05 -4.207308520562946796e-04
-5.933071370236575603e-04 -6.004097522236406803e-04
-7.627444574609398842e-04 3.348111058585345745e-04
1.490450958954170346e-04 1.226406748173758388e-04
-6.574835861101746559e-04 -4.160671960562467575e-04
-5.067480378784239292e-04 5.703670321963727474e-04
2.813018509186804295e-04 -6.850850331829860806e-05
-6.124619976617395878e-04 -5.163435707800090313e-04
-6.979235913604497910e-04 4.380390164442360401e-04
2.037621306953951716e-04 -1.982576941372826695e-05
-6.123693892732262611e-04 -5.164534668438136578e-04
-8.210693486034870148e-04 2.992927911691367626e-04
-1.508703571744263172e-04 5.631976528093218803e-04
2.650573442224413157e-04 -9.440262510906904936e-05
-4.927641130052506924e-04 -5.554818781092762947e-04
-6.978753372095525265e-04 4.381159669719636440e-04
1.947309356182813644e-04 3.101587935816496611e-04
8.657090074848383665e-05 -3.786673187278211117e-04
-5.090757040306925774e-04 -5.812538438476622105e-04
-9.088158258236944675e-04 1.021392235998064280e-04
-2.822355600073933601e-05 4.141359822824597359e-04
-2.041354309767484665e-05 -4.916725447401404381e-04
-8.029672317206859589e-04 -3.607648832257837057e-04
-8.632073295302689075e-04 2.894834615290164948e-04
-2.447658625897020102e-04 5.859837401658296585e-04
2.326191024621948600e-04 -1.460482017137110233e-04
-6.899501895532011986e-04 -4.677369142882525921e-04
-7.657962851226329803e-04 4.447217797860503197e-04
2.998298441525548697e-05 4.496017354540526867e-04
2.584948088042438030e-04 -1.622294075787067413e-04
-4.505935066845268011e-04 -5.459373933263123035e-04
-7.626938750036060810e-04 3.349264152348041534e-04
1.881490461528301239e-04 2.422173856757581234e-04
-5.286869418341666460e-05 -5.433657206594944000e-04
-7.416770095005631447e-04 -4.352361429482698441e-04
-8.469159365631639957e-04 3.155203885398805141e-04
1.382232585456222296e-05 4.237513057887554169e-04
-1.045618409989401698e-04 -5.109105259180068970e-04
-9.448640048503875732e-04 -1.275082759093493223e-04
-5.391438608057796955e-04 5.187320057302713394e-04
1.592398766661062837e-04 3.684715775307267904e-04
7.996232307050377131e-05 -4.465880338102579117e-04
-8.444843115285038948e-04 -8.247801451943814754e-05
-8.949365292210131884e-05 4.886782262474298477e-04
1.286450569750741124e-04 -3.690483281388878822e-04
-5.347586120478808880e-04 -5.651812534779310226e-04
-9.154220460914075375e-04 3.428183845244348049e-05
-2.445555874146521091e-04 5.860715173184871674e-04
1.352536346530541778e-04 -3.011276130564510822e-04
-8.029921445995569229e-04 -3.607093822211027145e-04
-7.915926980786025524e-04 4.610355244949460030e-04
-1.508314016973599792e-04 5.632081301882863045e-04
2.650704118423163891e-04 -9.436593973077833652e-05
-4.927256377413868904e-04 -5.555159877985715866e-04
-8.306883391924202442e-04 3.413669182918965816e-04
-3.124332579318434000e-05 5.241298931650817394e-04
2.296062011737376451e-04 -3.606922109611332417e-05
-2.889591851271688938e-04 -5.752968136221170425e-04
-9.412745130248367786e-04 5.038094241172075272e-05
-4.750715743284672499e-05 4.982811515219509602e-04
1.286043989239260554e-04 -3.690625308081507683e-04
-5.512149655260145664e-04 -5.908121820539236069e-04
-9.316520299762487411e-04 8.371949661523103714e-06
-3.383187868166714907e-04 6.089245434850454330e-04
1.904998789541423321e-04 -1.557223731651902199e-04
-6.899501895532011986e-04 -4.677369142882525921e-04
-8.499263203702867031e-04 4.255152307450771332e-04
7.215728692244738340e-05 4.592094919644296169e-04
5.724531365558505058e-05 -5.403427057899534702e-04
-7.795838755555450916e-04 2.096933894790709019e-05
9.736546780914068222e-05 1.550793967908248305e-04
-5.282589117996394634e-04 -4.971638554707169533e-04
-7.754307589493691921e-04 4.867737006861716509e-04
1.947309356182813644e-04 3.101587935816496611e-04
-1.465786190237849951e-04 -5.205456982366740704e-04
-8.505103178322315216e-04 1.376287546008825302e-04
4.185974830761551857e-06 4.658260149881243706e-04
1.935369800776243210e-04 -2.656754222698509693e-04
-3.569206746760755777e-04 -5.686784861609339714e-04
-9.286304120905697346e-04 -1.017253089230507612e-04
-3.125814255326986313e-04 5.926361773163080215e-04
2.001502725761383772e-04 -1.977551874006167054e-04
-5.510438932105898857e-04 -5.909717874601483345e-04
-9.154367144219577312e-04 3.389007179066538811e-05
-5.487599410116672516e-04 5.608068313449621201e-04
2.494159853085875511e-04 1.677362888585776091e-04
-3.568813262972980738e-04 -5.687032244168221951e-04
-8.859581430442631245e-04 1.960041408892720938e-04
-1.507693232269957662e-04 5.632247193716466427e-04
2.362186205573379993e-04 3.185769310221076012e-05
-1.532852911623194814e-04 -5.884396377950906754e-04
-8.703444618731737137e-04 -6.609712727367877960e-05
-1.249866181751713157e-04 5.469776806421577930e-04
2.097663527820259333e-04 -2.398299984633922577e-04
-4.735396942123770714e-04 -6.396078388206660748e-04
-9.478776482865214348e-04 -1.757909194566309452e-05
-3.125814255326986313e-04 5.926361773163080215e-04
2.326131361769512296e-04 -1.460577477701008320e-04
-6.028043571859598160e-04 -5.584594327956438065e-04
-9.280538070015609264e-04 1.862875360529869795e-04
-3.643002128228545189e-04 6.250764708966016769e-04
2.428258885629475117e-04 9.978807793231680989e-05
-3.052473184652626514e-04 -6.011133082211017609e-04
-8.601206936873495579e-04 1.797384466044604778e-04
-4.752761742565780878e-05 4.982792306691408157e-04
2.260105247842147946e-04 -2.139689167961478233e-04
-3.893935063388198614e-04 -6.203605444170534611e-04
-8.601405424997210503e-04 1.796436263248324394e-04
1.172307747765444219e-04 3.588286635931581259e-04
-9.482093446422368288e-05 -5.530056077986955643e-04
-9.159666951745748520e-04 -2.538562985137104988e-04
-7.820056052878499031e-04 4.189066239632666111e-04
-2.160748408641666174e-05 4.820559988729655743e-04
7.038791954983025789e-05 -4.045061359647661448e-04
-8.318218751810491085e-04 -2.346031833440065384e-04
-5.067245219834148884e-04 5.703878123313188553e-04
1.881490461528301239e-04 2.422173856757581234e-04
1.286857441300526261e-04 -3.690341545734554529e-04
-6.640818901360034943e-04 -4.839889006689190865e-04
-6.461195298470556736e-04 4.057606565766036510e-04
2.494529762770980597e-04 1.676813117228448391e-04
-9.498110739514231682e-05 -5.529781337827444077e-04
-7.770772790536284447e-04 -3.770753392018377781e-04
-8.144354214891791344e-04 3.672698221635073423e-04
1.075444961315952241e-04 4.009231342934072018e-04
-1.207302702823653817e-04 -5.367704434320330620e-04
-9.190067648887634277e-04 -1.437983883079141378e-04
-6.653682794421911240e-04 4.898837651126086712e-04
3.667692362796515226e-05 5.175166297703981400e-04
1.706943439785391092e-04 -3.594411537051200867e-04
-7.573466282337903976e-04 -1.730894146021455526e-04
-7.996232307050377131e-05 4.465880338102579117e-04
3.127958916593343019e-05 -5.241277394816279411e-04
-9.610798442736268044e-04 -1.534219773020595312e-04
-1.994890481000766158e-04 4.856875748373568058e-04
-8.172568050213158131e-05 -4.171432810835540295e-04
-8.763225050643086433e-04 1.540502416901290417e-04
4.218192771077156067e-06 4.658256948459893465e-04
2.031956537393853068e-04 -3.077221335843205452e-04
-4.573149490170180798e-04 -6.137595046311616898e-04
-9.346754522994160652e-04 1.182637934107333422e-04
-2.307366230525076389e-06 3.979059983976185322e-04
-2.046771987807005644e-05 -4.916703328490257263e-04
-8.287536911666393280e-04 -3.446889168117195368e-04
-8.793818997219204903e-04 2.637911238707602024e-04
-3.288322768639773130e-04 5.667761433869600296e-04
2.392276946920901537e-04 -7.812748663127422333e-05
-5.962344002909958363e-04 -4.904969828203320503e-04
-8.078700629994273186e-04 4.351010429672896862e-04
-6.365000444930046797e-05 4.724460304714739323e-04
2.458358649164438248e-04 -1.021684875013306737e-05
-1.952527964022010565e-04 -5.980908172205090523e-04
-8.829763391986489296e-04 8.583918679505586624e-05
2.998298441525548697e-05 4.496017354540526867e-04
1.124610134866088629e-04 -3.948825178667902946e-04
-5.347354453988373280e-04 -5.652031977660953999e-04
-9.640957578085362911e-04 -4.357338184490799904e-05
-4.062635707668960094e-04 6.155286682769656181e-04
1.905621320474892855e-04 -1.556461938889697194e-04
-7.415988948196172714e-04 -4.353692056611180305e-04
-7.819766760803759098e-04 4.189606988802552223e-04
-1.250468631042167544e-04 5.469638854265213013e-04
2.716828603297472000e-04 -2.643434709170833230e-05
-4.153084300924092531e-04 -6.040899897925555706e-04
-7.886672974564135075e-04 3.508665831759572029e-04
1.429903932148590684e-04 3.426337789278477430e-04
1.448963885195553303e-04 -3.431917284615337849e-04
-4.574250197038054466e-04 -6.136773736216127872e-04
-8.925565052777528763e-04 1.282076991628855467e-04
-1.866546517703682184e-05 3.720579552464187145e-04
-2.307621180079877377e-04 -5.397769855335354805e-04
-9.478807915002107620e-04 -1.740903826430439949e-05
-4.808396624866873026e-04 5.541935097426176071e-04
1.076164116966538131e-04 4.009038675576448441e-04
7.034331792965531349e-05 -4.045138775836676359e-04
-8.480628603138029575e-04 -2.603940083645284176e-04
-4.129573353566229343e-04 5.475516663864254951e-04
2.686874358914792538e-04 8.351231372216716409e-05
-2.041354309767484665e-05 -4.916725447401404381e-04
-7.157672662287950516e-04 -4.515617038123309612e-04
-7.140563684515655041e-04 4.123474354855716228e-04
1.815329742385074496e-04 1.742973981890827417e-04
-2.372838353039696813e-04 -6.077308207750320435e-04
-8.643506444059312344e-04 -2.860518579836934805e-04
-8.306551608256995678e-04 3.414478269405663013e-04
-1.346417266177013516e-04 5.890436004847288132e-04
1.352744875475764275e-04 -3.011182416230440140e-04
-7.867193198762834072e-04 -3.349710023030638695e-04
-6.912487442605197430e-04 5.060653202235698700e-04
-3.131585253868252039e-05 5.241255857981741428e-04
2.812867460306733847e-04 -6.857047992525622249e-05
-3.893935063388198614e-04 -6.203605444170534611e-04
-8.211146341636776924e-04 2.991685469169169664e-04
1.430992560926824808e-04 3.425882896408438683e-04
8.004246046766638756e-05 -4.465736856218427420e-04
-7.416770095005631447e-04 -4.352361429482698441e-04
-6.816296954639256001e-04 4.639911639969795942e-04
2.265931980218738317e-04 7.395719876512885094e-05
-5.703319911845028400e-04 -5.067874444648623466e-04
-6.815976812504231930e-04 4.640383413061499596e-04
2.398386131972074509e-04 2.097565302392467856e-04
-1.952773454831913114e-04 -5.980827845633029938e-04
-9.250487200915813446e-04 7.622863631695508957e-05
-2.395085175521671772e-06 3.979054454248398542e-04
-1.790515525499358773e-04 -5.722350906580686569e-04
-9.706958080641925335e-04 -1.114160986617207527e-04
-5.813661264255642891e-04 5.089475307613611221e-04
9.797140955924987793e-05 4.429858527146279812e-04
1.286299375351518393e-04 -3.690536250360310078e-04
-7.933601154945790768e-04 -4.028054536320269108e-04
-6.232730229385197163e-04 4.995253984816372395e-04
8.172568050213158131e-05 4.171432810835540295e-04
2.229886740678921342e-04 -1.039986236719414592e-04
-1.532204187242314219e-04 -5.884565762244164944e-04
-8.835124899633228779e-04 -2.021935652010142803e-04
-3.029624349437654018e-04 5.505620501935482025e-04
2.133811212843284011e-04 -6.189990381244570017e-05
-1.886516984086483717e-04 -5.301693454384803772e-04
-7.416647276841104031e-04 -4.352570394985377789e-04
-7.723190356045961380e-04 3.769710310734808445e-04
1.430755510227754712e-04 3.425982140470296144e-04
-1.466359972255304456e-04 -5.205295165069401264e-04
-9.093959815800189972e-04 -1.858085161074995995e-04
-6.978270248509943485e-04 4.381928883958607912e-04
-5.433015758171677589e-06 5.079001421108841896e-04
1.706547191133722663e-04 -3.594599547795951366e-04
-7.802186883054673672e-04 -2.667691151145845652e-04
-4.129194421693682671e-04 5.475802463479340076e-04
2.235879073850810528e-04 1.839363685576245189e-04
1.611002080608159304e-04 -3.173551813233643770e-04
-5.349613493308424950e-04 -5.649892846122384071e-04
-8.048417512327432632e-04 3.251393209211528301e-04
1.719186257105320692e-04 2.163726021535694599e-04
-2.631499373819679022e-04 -5.915004294365644455e-04
-9.640975622460246086e-04 -4.353377153165638447e-05
-6.167427636682987213e-04 5.673521663993597031e-04
1.622757845325395465e-04 2.584656758699566126e-04
-2.889591851271688938e-04 -5.752968136221170425e-04
-9.184466907754540443e-04 1.441380009055137634e-04
-1.766761852195486426e-04 5.794385215267539024e-04
2.266064693685621023e-04 7.391655526589602232e-05
-2.035935176536440849e-05 -4.916748148389160633e-04
-8.384601096622645855e-04 -3.024091129191219807e-04
-3.966504009440541267e-04 5.734532023780047894e-04
2.812943130265921354e-04 -6.853949889773502946e-05
-3.569440450519323349e-04 -5.686638760380446911e-04
-9.159666951745748520e-04 -2.538562985137104988e-04
-7.237038807943463326e-04 4.543721734080463648e-04
1.622579002287238836e-04 2.584769099485129118e-04
-2.632394316606223583e-04 -5.914606736041605473e-04
-9.382647112943232059e-04 -5.948386387899518013e-05
-6.234726752154529095e-04 4.992761532776057720e-04
-5.716354644391685724e-05 5.403513787314295769e-04
2.746932441368699074e-04 -1.364292111247777939e-04
-6.219763890840113163e-04 -4.744065809063613415e-04
-7.237726240418851376e-04 4.542626847978681326e-04
1.075722466339357197e-04 4.009156837128102779e-04
2.584478061180561781e-04 -1.623042626306414604e-04
-3.895047702826559544e-04 -6.202906952239573002e-04
-6.949327653273940086e-04 3.279679804109036922e-04
1.845286169555038214e-04 6.430975918192416430e-05
-5.607308703474700451e-04 -5.488375318236649036e-04
-8.077919483184814453e-04 4.352460382506251335e-04
1.593314809724688530e-04 3.684319672174751759e-04
-1.886516984086483717e-04 -5.301693454384803772e-04
-8.180250297300517559e-04 1.894446759251877666e-04
1.785543572623282671e-04 2.842802205123007298e-04
-1.531390007585287094e-04 -5.884777638129889965e-04
-8.384725078940391541e-04 -3.023746539838612080e-04
-7.982765091583132744e-04 3.929720842279493809e-04
3.003254823852330446e-05 4.495984176173806190e-04
3.785661829169839621e-05 -4.562096437439322472e-04
-8.642559405416250229e-04 -2.863376575987786055e-04
-6.978090968914330006e-04 4.382215265650302172e-04
-9.917854913510382175e-05 5.307403625920414925e-04
2.716828603297472000e-04 -2.643434709170833230e-05
-3.892567183356732130e-04 -6.204464007169008255e-04
-8.697918965481221676e-04 2.215970307588577271e-04
-8.288858225569128990e-05 5.565954488702118397e-04
2.037643280345946550e-04 -1.980330853257328272e-05
2.166058402508497238e-05 -4.820535832550376654e-04
-7.224928122013807297e-04 -5.193040124140679836e-04
-6.978270248509943485e-04 4.381928883958607912e-04
1.977413339773193002e-04 2.001639513764530420e-04
-5.286869418341666460e-05 -5.433657206594944000e-04
-6.382534047588706017e-04 -5.001863464713096619e-04
-9.022142621688544750e-04 1.700229186099022627e-04
-9.912684618029743433e-05 5.307500250637531281e-04
1.028129772748798132e-04 -3.528165398165583611e-04
-8.643073379062116146e-04 -2.861825923901051283e-04
-7.237539975903928280e-04 4.542924289125949144e-04
-9.917854913510382175e-05 5.307403625920414925e-04
2.812990569509565830e-04 -6.852003571111708879e-05
-4.926872788928449154e-04 -5.555500974878668785e-04
-7.724281749688088894e-04 3.767473681364208460e-04
1.334612024948000908e-04 3.846734471153467894e-04
1.286450569750741124e-04 -3.690483281388878822e-04
-6.545725045725703239e-04 -5.259172758087515831e-04
-7.399017922580242157e-04 4.285767790861427784e-04
1.815258146962150931e-04 1.743048342177644372e-04
-3.473203978501260281e-04 -6.107369554229080677e-04
-9.190067648887634277e-04 -1.437983883079141378e-04
-7.658452959731221199e-04 4.446373204700648785e-04
-5.712614802177995443e-05 5.403552786447107792e-04
1.935846521519124508e-04 -2.656407305039465427e-04
-7.608167361468076706e-04 -3.513090196065604687e-04
-6.654021563008427620e-04 4.898377228528261185e-04
2.043369750026613474e-05 4.916717298328876495e-04
2.650638634804636240e-04 -9.438427514396607876e-05
-2.535766107030212879e-04 -6.335523794405162334e-04
-8.992101065814495087e-04 5.986681208014488220e-05
-1.154278579633682966e-04 5.048897583037614822e-04
2.326090034330263734e-04 -1.460642961319535971e-04
-1.790280803106725216e-04 -5.722424830310046673e-04
-8.449994493275880814e-04 -3.704816917888820171e-04
-6.138099124655127525e-04 4.572472535073757172e-04
2.103707229252904654e-04 4.809494566870853305e-05
-3.635451430454850197e-04 -6.365852896124124527e-04
-8.931407937780022621e-04 -1.601215626578778028e-04
-7.236538804136216640e-04 4.544519470073282719e-04
8.178873395081609488e-05 4.171309119556099176e-04
-7.208783063106238842e-05 -4.592203767970204353e-04
-8.246507495641708374e-04 1.214913500007241964e-04
4.631250340025871992e-05 4.754399415105581284e-04
2.061558479908853769e-04 -4.177453229203820229e-04
-7.933549350127577782e-04 -4.028156690765172243e-04
-4.033033328596502542e-04 5.055054207332432270e-04
4.149779124418273568e-05 -2.782897499855607748e-04
-9.124162606894969940e-04 -7.575066410936415195e-05
-3.125404473394155502e-04 5.926578305661678314e-04
2.362172817811369896e-04 3.186737012583762407e-05
-9.494286496192216873e-05 -5.529847112484276295e-04
-8.769281557761132717e-04 -1.342107716482132673e-04
-2.866314607672393322e-04 5.764600937254726887e-04
2.812990569509565830e-04 -6.852003571111708879e-05
-1.208265457535162568e-04 -5.367487319745123386e-04
-7.062634103931486607e-04 -4.934585303999483585e-04
-8.306507952511310577e-04 3.414584789425134659e-04
1.009866900858469307e-04 3.329879837110638618e-04
-7.865716179367154837e-05 -5.271468544378876686e-04
-8.191760862246155739e-04 -3.866469196509569883e-04
-9.118583402596414089e-04 2.119961136486381292e-04
-2.704409416764974594e-04 6.022850284352898598e-04
1.971632300410419703e-04 -8.772475121077150106e-05
-6.027814815752208233e-04 -5.584841710515320301e-04
-8.794001769274473190e-04 2.637302968651056290e-04
-2.867112634703516960e-04 5.764204543083906174e-04
2.235954598290845752e-04 1.839272154029458761e-04
-7.859904144424945116e-05 -5.271554691717028618e-04
-8.865674608387053013e-04 -9.200390195474028587e-05
-2.867348375730216503e-04 5.764086381532251835e-04
2.362186205573379993e-04 3.185769310221076012e-05
2.162724558729678392e-05 -4.820550675503909588e-04
-7.157174986787140369e-04 -4.516406042966991663e-04
-7.398721645586192608e-04 4.286280600354075432e-04
1.785033527994528413e-04 2.843122347258031368e-04
-5.271130066830664873e-05 -5.433810292743146420e-04
-7.416167645715177059e-04 -4.353387630544602871e-04
-8.535244851373136044e-04 2.475996152497828007e-04
-1.251674693776294589e-04 5.469362949952483177e-04
6.078937440179288387e-05 -3.624288365244865417e-04
-8.577255648560822010e-04 -2.181670570280402899e-04
-5.325711099430918694e-04 5.866154097020626068e-04
1.430140837328508496e-04 3.426238836254924536e-04
9.628265979699790478e-05 -4.207202291581779718e-04
-8.125777239911258221e-04 -3.187251859344542027e-04
-4.904557717964053154e-04 5.962683353573083878e-04
2.494529762770980597e-04 1.676813117228448391e-04
7.038791954983025789e-05 -4.045061359647661448e-04
-5.606478662230074406e-04 -5.489223403856158257e-04
-8.955920347943902016e-04 2.380058867856860161e-04
8.180050645023584366e-05 4.171286127530038357e-04
7.996232307050377131e-05 -4.465880338102579117e-04
-7.061407668516039848e-04 -4.936341429129242897e-04
-9.412654908373951912e-04 5.054980283603072166e-05
-3.966900694649666548e-04 5.734256701543927193e-04
2.554646634962409735e-04 -5.223508924245834351e-05
-5.704436916857957840e-04 -5.066617741249501705e-04
-9.214556775987148285e-04 2.541704161558300257e-04
-3.546152147464454174e-04 5.830417503602802753e-04
2.043499262072145939e-04 2.680846664588898420e-04
-6.246712291613221169e-05 -5.012941546738147736e-04
-8.835570770315825939e-04 -2.019988023675978184e-04
-5.067012389190495014e-04 5.704086506739258766e-04
1.009406187222339213e-04 3.330019826535135508e-04
2.326030225958675146e-04 -1.460738421883434057e-04
-3.636153123807162046e-04 -6.365451845340430737e-04
-7.014375296421349049e-04 2.602775348350405693e-04
1.683008304098621011e-04 3.845742321573197842e-05
-5.769728450104594231e-04 -5.746689857915043831e-04
-7.495179306715726852e-04 4.706516047008335590e-04
2.752600703388452530e-04 1.515193143859505653e-04
-4.507894045673310757e-04 -5.457756342366337776e-04
-6.461080629378557205e-04 4.057789046783000231e-04
2.494529762770980597e-04 1.676813117228448391e-04
-1.085337135009467602e-05 -5.337455659173429012e-04
-6.544417701661586761e-04 -5.260800244286656380e-04
-8.630915544927120209e-04 2.898286329582333565e-04
6.556828157044947147e-05 3.912849351763725281e-04
2.174708060920238495e-05 -4.820497124455869198e-04
-7.320232689380645752e-04 -4.773605032823979855e-04
-9.346932638436555862e-04 1.181223196908831596e-04
-4.483809170778840780e-04 6.058844155631959438e-04
2.265983057441189885e-04 7.394150452455505729e-05
-3.731687611434608698e-04 -5.945122102275490761e-04
-9.671203442849218845e-04 6.663397653028368950e-05
-5.487599410116672516e-04 5.608068313449621201e-04
9.795324876904487610e-05 4.429898399394005537e-04
1.773801050148904324e-04 -2.914768119808286428e-04
-7.350711384788155556e-04 -3.673151950351893902e-04
-5.649892846122384071e-04 5.349613493308424950e-04
2.043499262072145939e-04 2.680846664588898420e-04
1.706796028884127736e-04 -3.594481677282601595e-04
-5.510604823939502239e-04 -5.909563042223453522e-04
-8.631235104985535145e-04 2.897334925364702940e-04
6.542788469232618809e-05 3.913084510713815689e-04
1.124012924265116453e-04 -3.948995145037770271e-04
-5.185980116948485374e-04 -5.392727907747030258e-04
-9.478776482865214348e-04 -1.757909194566309452e-05
-3.288322768639773130e-04 5.667761433869600296e-04
2.164294273825362325e-04 -1.718470593914389610e-04
-6.803474389016628265e-04 -5.097821122035384178e-04
-9.118175948970019817e-04 2.121714642271399498e-04
-3.966341610066592693e-04 5.734643200412392616e-04
2.362141385674476624e-04 3.189091512467712164e-05
-4.247597535140812397e-04 -5.621426971629261971e-04
-7.398887537419795990e-04 4.285993927624076605e-04
1.850744301918894053e-04 3.522526822052896023e-04
1.446911192033439875e-04 -3.432783414609730244e-04
-2.126548351952806115e-04 -6.235388573259115219e-04
