2.085039913654327393e-01 -2.618803828954696655e-02
1.504795998334884644e-01 -2.305484414100646973e-01
1.371150314807891846e-01 -2.132054567337036133e-01
1.402668505907058716e-01 -2.256923168897628784e-01
1.413539052009582520e-01 -2.172369360923767090e-01
1.435617953538894653e-01 -2.198598235845565796e-01
1.446037143468856812e-01 -2.172588557004928589e-01
1.465720832347869873e-01 -2.167252600193023682e-01
1.479297578334808350e-01 -2.155891358852386475e-01
1.494055688381195068e-01 -2.145517468452453613e-01
1.509191244840621948e-01 -2.134767174720764160e-01
1.524806171655654907e-01 -2.123818546533584595e-01
1.540644019842147827e-01 -2.112148702144622803e-01
1.554275006055831909e-01 -2.101902365684509277e-01
1.568600833415985107e-01 -2.091060280799865723e-01
1.583620309829711914e-01 -2.080055922269821167e-01
1.599757373332977295e-01 -2.067374289035797119e-01
1.615041643381118774e-01 -2.055783569812774658e-01
1.627319902181625366e-01 -2.045791894197463989e-01
1.644970923662185669e-01 -2.031381726264953613e-01
1.659201532602310181e-01 -2.019842267036437988e-01
1.673627644777297974e-01 -2.007719427347183228e-01
1.689350903034210205e-01 -1.994477361440658569e-01
1.703540086746215820e-01 -1.982171833515167236e-01
1.719109266996383667e-01 -1.969078332185745239e-01
1.734038740396499634e-01 -1.955730468034744263e-01
1.748565733432769775e-01 -1.942709684371948242e-01
1.764532476663589478e-01 -1.928048580884933472e-01
1.778245866298675537e-01 -1.915324926376342773e-01
1.792246699333190918e-01 -1.902024894952774048e-01
1.808757334947586060e-01 -1.886471360921859741e-01
1.821924149990081787e-01 -1.873372346162796021e-01
1.837688237428665161e-01 -1.858478188514709473e-01
1.851627826690673828e-01 -1.844396591186523438e-01
1.864728629589080811e-01 -1.830968409776687622e-01
1.880120038986206055e-01 -1.815147399902343750e-01
1.894050687551498413e-01 -1.800202131271362305e-01
1.907057613134384155e-01 -1.786499768495559692e-01
1.921128481626510620e-01 -1.771398186683654785e-01
1.934094130992889404e-01 -1.756946891546249390e-01
1.947659850120544434e-01 -1.742284297943115234e-01
1.960414052009582520e-01 -1.727559566497802734e-01
1.973007470369338989e-01 -1.713149249553680420e-01
1.985266655683517456e-01 -1.698872447013854980e-01
1.996816098690032959e-01 -1.685290485620498657e-01
2.009847164154052734e-01 -1.669695079326629639e-01
2.020477354526519775e-01 -1.656679660081863403e-01
2.031926065683364868e-01 -1.642197966575622559e-01
2.044505327939987183e-01 -1.626554727554321289e-01
2.055182605981826782e-01 -1.613122224807739258e-01
2.066585570573806763e-01 -1.598679274320602417e-01
2.076134085655212402e-01 -1.586046814918518066e-01
2.087333202362060547e-01 -1.571370363235473633e-01
2.098587900400161743e-01 -1.555719673633575439e-01
2.108207792043685913e-01 -1.542995125055313110e-01
2.117724269628524780e-01 -1.529760211706161499e-01
2.127885073423385620e-01 -1.515008062124252319e-01
2.137711942195892334e-01 -1.501358449459075928e-01
2.147113829851150513e-01 -1.487538963556289673e-01
2.156014889478683472e-01 -1.474705934524536133e-01
2.164265215396881104e-01 -1.462139487266540527e-01
2.173433601856231689e-01 -1.449060589075088501e-01
2.183071672916412354e-01 -1.434356570243835449e-01
2.191581726074218750e-01 -1.420598924160003662e-01
2.200403660535812378e-01 -1.407134532928466797e-01
2.208138108253479004e-01 -1.394801586866378784e-01
2.215967029333114624e-01 -1.382320821285247803e-01
2.222604751586914062e-01 -1.371804475784301758e-01
2.231592088937759399e-01 -1.357028037309646606e-01
2.239876538515090942e-01 -1.343405246734619141e-01
2.245347350835800171e-01 -1.333948075771331787e-01
2.253207564353942871e-01 -1.320657134056091309e-01
2.260962724685668945e-01 -1.307529211044311523e-01
2.267435193061828613e-01 -1.295816898345947266e-01
2.274569869041442871e-01 -1.283554434776306152e-01
2.281332612037658691e-01 -1.270780265331268311e-01
2.287687212228775024e-01 -1.260030120611190796e-01
2.293487936258316040e-01 -1.248727813363075256e-01
2.300424575805664062e-01 -1.236236169934272766e-01
2.306104302406311035e-01 -1.225222647190093994e-01
2.312339544296264648e-01 -1.213952377438545227e-01
2.318726778030395508e-01 -1.200910508632659912e-01
2.323989570140838623e-01 -1.190680488944053650e-01
2.329483032226562500e-01 -1.179624348878860474e-01
2.335437983274459839e-01 -1.167787387967109680e-01
2.340988218784332275e-01 -1.156494468450546265e-01
2.345648556947708130e-01 -1.147586107254028320e-01
2.351114749908447266e-01 -1.135738193988800049e-01
2.356657236814498901e-01 -1.124277785420417786e-01
2.360314875841140747e-01 -1.116078868508338928e-01
2.365473657846450806e-01 -1.105336248874664307e-01
2.370863556861877441e-01 -1.093867942690849304e-01
2.375067919492721558e-01 -1.084665283560752869e-01
2.380371987819671631e-01 -1.072938740253448486e-01
2.384072989225387573e-01 -1.063624843955039978e-01
2.388982474803924561e-01 -1.052857711911201477e-01
2.392624169588088989e-01 -1.045375764369964600e-01
2.397079169750213623e-01 -1.034601330757141113e-01
2.401522696018218994e-01 -1.024232506752014160e-01
2.405169904232025146e-01 -1.015402153134346008e-01
2.408757805824279785e-01 -1.006706058979034424e-01
2.412999272346496582e-01 -9.968034178018569946e-02
2.416509091854095459e-01 -9.883005917072296143e-02
2.420415282249450684e-01 -9.788388013839721680e-02
2.424030005931854248e-01 -9.690205007791519165e-02
2.427439391613006592e-01 -9.607350826263427734e-02
2.430320680141448975e-01 -9.530755877494812012e-02
2.434207051992416382e-01 -9.436685591936111450e-02
2.436994761228561401e-01 -9.362290799617767334e-02
2.440664470195770264e-01 -9.261801093816757202e-02
2.443075329065322876e-01 -9.189794957637786865e-02
2.446628510951995850e-01 -9.104014933109283447e-02
2.449360787868499756e-01 -9.022801369428634644e-02
2.452515661716461182e-01 -8.942800760269165039e-02
2.455309331417083740e-01 -8.862397819757461548e-02
2.458174824714660645e-01 -8.780742436647415161e-02
2.461118698120117188e-01 -8.702200651168823242e-02
2.463653087615966797e-01 -8.631903678178787231e-02
2.466188222169876099e-01 -8.581204712390899658e-02
2.468377053737640381e-01 -8.451973646879196167e-02
2.471406459808349609e-01 -8.489183336496353149e-02
2.475126683712005615e-01 -8.177188038825988770e-02
2.472277879714965820e-01 -8.565270155668258667e-02
2.485173940658569336e-01 -7.667963206768035889e-02
2.485479116439819336e-01 -8.703834563493728638e-02
2.465987503528594971e-01 4.124233126640319824e-02
2.570145879872143269e-04 5.434323102235794067e-04
2.086939755827188492e-03 3.609682898968458176e-03
1.982629299163818359e-03 4.245098680257797241e-03
1.665214775130152702e-03 4.052389413118362427e-03
1.592480344697833061e-03 4.230768419802188873e-03
1.579373260028660297e-03 4.620990250259637833e-03
1.621256582438945770e-03 4.899325780570507050e-03
1.555140945129096508e-03 5.163796246051788330e-03
1.524968072772026062e-03 5.620390642434358597e-03
1.480959355831146240e-03 5.905088502913713455e-03
1.363013871014118195e-03 6.087300367653369904e-03
1.319334143772721291e-03 6.653113290667533875e-03
1.262799371033906937e-03 7.090406026691198349e-03
1.222367398440837860e-03 7.093156687915325165e-03
1.123449997976422310e-03 7.814756594598293304e-03
1.037343405187129974e-03 8.383742533624172211e-03
1.014060806483030319e-03 8.320418186485767365e-03
9.221602231264114380e-04 8.890109136700630188e-03
7.796310819685459137e-04 9.614851325750350952e-03
7.234308868646621704e-04 9.683946147561073303e-03
6.538303568959236145e-04 9.948801249265670776e-03
4.985677078366279602e-04 1.078263111412525177e-02
4.703397862613201141e-04 1.095790788531303406e-02
4.030950367450714111e-04 1.094123907387256622e-02
2.520782873034477234e-04 1.177495624870061874e-02
1.716814003884792328e-04 1.210574898868799210e-02
1.378543674945831299e-04 1.195673737674951553e-02
2.321647480130195618e-05 1.246296893805265427e-02
-1.270053908228874207e-04 1.305848732590675354e-02
-6.150407716631889343e-05 1.279380638152360916e-02
-1.148129813373088837e-04 1.294926740229129791e-02
-3.415294922888278961e-04 1.368032023310661316e-02
-3.177779726684093475e-04 1.341886632144451141e-02
-2.708984538912773132e-04 1.317732594907283783e-02
-4.314486868679523468e-04 1.392507553100585938e-02
-4.255627281963825226e-04 1.372975297272205353e-02
-3.473344258964061737e-04 1.331287436187267303e-02
-4.211799241602420807e-04 1.377282850444316864e-02
-4.795501008629798889e-04 1.384225860238075256e-02
-3.755860961973667145e-04 1.320691965520381927e-02
-3.892420791089534760e-04 1.331612281501293182e-02
-4.583215340971946716e-04 1.358071900904178619e-02
-3.120391629636287689e-04 1.289920508861541748e-02
-2.829381264746189117e-04 1.268083788454532623e-02
-3.709443844854831696e-04 1.301156356930732727e-02
-2.580289728939533234e-04 1.241940259933471680e-02
-1.435312442481517792e-04 1.191316358745098114e-02
-1.768833026289939880e-04 1.208850461989641190e-02
-1.532332971692085266e-04 1.178404875099658966e-02
5.100388079881668091e-06 1.103622745722532272e-02
4.813959822058677673e-05 1.103300042450428009e-02
1.721549779176712036e-06 1.099318824708461761e-02
1.266836188733577728e-04 1.009640563279390335e-02
1.785946078598499298e-04 9.897870942950248718e-03
1.832051202654838562e-04 9.983982890844345093e-03
2.776104956865310669e-04 9.176396764814853668e-03
3.139604814350605011e-04 8.805749006569385529e-03
3.363424912095069885e-04 8.825683966279029846e-03
4.243750590831041336e-04 8.256463333964347839e-03
5.119196139276027679e-04 7.730503566563129425e-03
5.147627089172601700e-04 7.730315439403057098e-03
5.518880207091569901e-04 7.359644398093223572e-03
6.145900115370750427e-04 6.727338302880525589e-03
6.073622498661279678e-04 6.641330663114786148e-03
6.337696686387062073e-04 6.422949954867362976e-03
7.019692566245794296e-04 5.876769311726093292e-03
7.055960595607757568e-04 5.638450384140014648e-03
7.593606133013963699e-04 5.482885055243968964e-03
7.533880416303873062e-04 5.115432664752006531e-03
7.899075280874967575e-04 4.744825884699821472e-03
7.622712291777133942e-04 4.682093858718872070e-03
7.473351433873176575e-04 4.466698504984378815e-03
7.782235043123364449e-04 4.009875003248453140e-03
8.176815463230013847e-04 3.963664174079895020e-03
7.880651392042636871e-04 3.857688978314399719e-03
8.254357380792498589e-04 3.486925736069679260e-03
8.159914286807179451e-04 3.357743378728628159e-03
8.548912592232227325e-04 3.311689477413892746e-03
8.591386722400784492e-04 3.073215251788496971e-03
8.467419538646936417e-04 2.900897059589624405e-03
8.462084224447607994e-04 2.901052590459585190e-03
8.329653646796941757e-04 2.728984225541353226e-03
8.399089565500617027e-04 2.533694030717015266e-03
8.405903936363756657e-04 2.533468184992671013e-03
8.540162234567105770e-04 2.424238249659538269e-03
8.641240419819951057e-04 2.271994948387145996e-03
8.640923770144581795e-04 2.272006822749972343e-03
9.008455090224742889e-04 2.182593569159507751e-03
8.974095107987523079e-04 2.139633055776357651e-03
8.910828037187457085e-04 2.053483156487345695e-03
9.109741076827049255e-04 2.030337695032358170e-03
9.475026163272559643e-04 1.941009657457470894e-03
9.672308806329965591e-04 1.917946385219693184e-03
9.440870489925146103e-04 1.898053102195262909e-03
1.027276273816823959e-03 1.848311745561659336e-03
1.004077610559761524e-03 1.828450942412018776e-03
9.780463296920061111e-04 1.765318214893341064e-03
1.064117997884750366e-03 1.758784172125160694e-03
1.037652255035936832e-03 1.695892773568630219e-03
1.037220004945993423e-03 1.696157036349177361e-03
1.123293535783886909e-03 1.689647557213902473e-03
1.077001914381980896e-03 1.649865531362593174e-03
1.120201777666807175e-03 1.646499964408576488e-03
1.143490895628929138e-03 1.666291500441730022e-03
1.163400476798415184e-03 1.643125782720744610e-03
1.226003281772136688e-03 1.616955269128084183e-03
1.206576125696301460e-03 1.639760099351406097e-03
1.269199769012629986e-03 1.613575033843517303e-03
1.269793021492660046e-03 1.613107975572347641e-03
1.288953237235546112e-03 1.590536674484610558e-03
1.332259620539844036e-03 1.587054925039410591e-03
1.352301216684281826e-03 1.563771744258701801e-03
1.395204337313771248e-03 1.560623175464570522e-03
1.375587075017392635e-03 1.583539182320237160e-03
1.461680280044674873e-03 1.576977549120783806e-03
1.441775821149349213e-03 1.600151066668331623e-03
1.462082029320299625e-03 1.576605136506259441e-03
1.528004650026559830e-03 1.593458582647144794e-03
1.504560234025120735e-03 1.573855290189385414e-03
1.524597988463938236e-03 1.550552900880575180e-03
1.571039785631000996e-03 1.590183819644153118e-03
1.591074978932738304e-03 1.566871418617665768e-03
1.614546170458197594e-03 1.586429774761199951e-03
1.614209846593439579e-03 1.586771802976727486e-03
1.637525623664259911e-03 1.606488018296658993e-03
1.637684530578553677e-03 1.606326084583997726e-03
1.680446439422667027e-03 1.603324315510690212e-03
1.743336790241301060e-03 1.576911774463951588e-03
1.723300782032310963e-03 1.600239309482276440e-03
1.726761111058294773e-03 1.643079449422657490e-03
1.766922883689403534e-03 1.596314716152846813e-03
1.789970905520021915e-03 1.616313355043530464e-03
1.750059775076806545e-03 1.662808470427989960e-03
1.746936701238155365e-03 1.619600923731923103e-03
1.792953349649906158e-03 1.659677247516810894e-03
1.750036375597119331e-03 1.662833034060895443e-03
1.750365481711924076e-03 1.662486465647816658e-03
1.816395903006196022e-03 1.679246430285274982e-03
1.773671014234423637e-03 1.682207337580621243e-03
1.819707220420241356e-03 1.722255139611661434e-03
1.839244272559881210e-03 1.699458342045545578e-03
1.777136698365211487e-03 1.725065172649919987e-03
1.800105790607631207e-03 1.745135756209492683e-03
1.822970109060406685e-03 1.765315071679651737e-03
1.800302998162806034e-03 1.744932262226939201e-03
1.803905819542706013e-03 1.787659479305148125e-03
1.780586084350943565e-03 1.767947454936802387e-03
1.783709740266203880e-03 1.811157213523983955e-03
1.763660809956490993e-03 1.834497670643031597e-03
1.806564861908555031e-03 1.831331173889338970e-03
1.763530774042010307e-03 1.834622584283351898e-03
1.767167472280561924e-03 1.877331756986677647e-03
1.770249567925930023e-03 1.920565264299511909e-03
1.746547874063253403e-03 1.901189447380602360e-03
1.793276169337332249e-03 1.940561924129724503e-03
1.730899559333920479e-03 1.966550946235656738e-03
1.733832759782671928e-03 2.009902847930788994e-03
1.753730233758687973e-03 1.986713614314794540e-03
1.713762059807777405e-03 2.033236669376492500e-03
1.763587119057774544e-03 2.115839626640081406e-03
1.717229140922427177e-03 2.076125005260109901e-03
1.740600680932402611e-03 2.095822477713227272e-03
1.723664579913020134e-03 2.162314485758543015e-03
1.766851753927767277e-03 2.158898161724209785e-03
1.727143418975174427e-03 2.205202123150229454e-03
1.733927638269960880e-03 2.291122451424598694e-03
1.733700977638363838e-03 2.291293814778327942e-03
1.713438192382454872e-03 2.314748940989375114e-03
1.697053783573210239e-03 2.380799734964966774e-03
1.763453707098960876e-03 2.397231291979551315e-03
1.743378466926515102e-03 2.420543227344751358e-03
1.750669092871248722e-03 2.506116405129432678e-03
1.730338903144001961e-03 2.529602497816085815e-03
1.753719639964401722e-03 2.549323020502924919e-03
1.760093029588460922e-03 2.635539509356021881e-03
1.763350330293178558e-03 2.678597811609506607e-03
1.766914036124944687e-03 2.721457043662667274e-03
1.707075047306716442e-03 2.791099948808550835e-03
1.756942714564502239e-03 2.873723395168781281e-03
1.736583421006798744e-03 2.897183876484632492e-03
1.740124309435486794e-03 2.940070349723100662e-03
1.793606672435998917e-03 3.065546974539756775e-03
1.773173687979578972e-03 3.089041216298937798e-03
1.773435855284333229e-03 3.088890574872493744e-03
1.759894192218780518e-03 3.198273014277219772e-03
1.767087960615754128e-03 3.284015459939837456e-03
1.763510052114725113e-03 3.241132013499736786e-03
1.793274655938148499e-03 3.347065998241305351e-03
1.826338935643434525e-03 3.496033139526844025e-03
1.802828395739197731e-03 3.476344980299472809e-03
1.785602653399109840e-03 3.542871214449405670e-03
1.795827178284525871e-03 3.671796293929219246e-03
1.796139054931700230e-03 3.671644022688269615e-03
1.845815684646368027e-03 3.754390403628349304e-03
1.809373032301664352e-03 3.843753132969141006e-03
1.855647657066583633e-03 3.883517812937498093e-03
1.835833420045673847e-03 3.906656056642532349e-03
1.865191850811243057e-03 4.012776538729667664e-03
1.852661138400435448e-03 4.121667239814996719e-03
1.829146523959934711e-03 4.101955331861972809e-03
1.902649877592921257e-03 4.204273223876953125e-03
1.822824706323444843e-03 4.297100007534027100e-03
1.799235004000365734e-03 4.277411382645368576e-03
1.869157305918633938e-03 4.336833953857421875e-03
1.832722453400492668e-03 4.426200408488512039e-03
1.859124633483588696e-03 4.489127080887556076e-03
1.856266171671450138e-03 4.445909988135099411e-03
1.865398022346198559e-03 4.575326107442378998e-03
1.849218737334012985e-03 4.641367122530937195e-03
1.847089966759085655e-03 4.597864113748073578e-03
1.876482740044593811e-03 4.703949205577373505e-03
1.859116484411060810e-03 4.770467523485422134e-03
1.852915505878627300e-03 4.684243351221084595e-03
1.861207652837038040e-03 4.769652150571346283e-03
1.843848265707492828e-03 4.836171865463256836e-03
1.797030097804963589e-03 4.796627908945083618e-03
1.820199773646891117e-03 4.816491156816482544e-03
1.826813095249235630e-03 4.902557004243135452e-03
1.803643186576664448e-03 4.882693756371736526e-03
1.844258513301610947e-03 4.836015403270721436e-03
1.850400120019912720e-03 4.922263324260711670e-03
1.847573090344667435e-03 4.879047628492116928e-03
1.800747122615575790e-03 4.839508328586816788e-03
1.806949963793158531e-03 4.925726912915706635e-03
1.765310764312744141e-03 4.928533919155597687e-03
1.804540748707950115e-03 4.882362205535173416e-03
1.781848724931478500e-03 4.862326662987470627e-03
1.764892600476741791e-03 4.928683862090110779e-03
1.735020778141915798e-03 4.822785500437021255e-03
1.730827614665031433e-03 4.780071787536144257e-03
1.761992112733423710e-03 4.885502159595489502e-03
1.708936761133372784e-03 4.759749397635459900e-03
1.705285045318305492e-03 4.716837778687477112e-03
1.728927600197494030e-03 4.736525472253561020e-03
1.682111411355435848e-03 4.696979187428951263e-03
1.675416133366525173e-03 4.610938951373100281e-03
1.652697217650711536e-03 4.590916447341442108e-03
1.633232226595282555e-03 4.613952711224555969e-03
1.645613927394151688e-03 4.505015909671783447e-03
1.602199161425232887e-03 4.508465994149446487e-03
1.602645614184439182e-03 4.508307203650474548e-03
1.592700369656085968e-03 4.379210527986288071e-03
1.589385210536420345e-03 4.336178302764892578e-03
1.570328138768672943e-03 4.359063692390918732e-03
1.539722899906337261e-03 4.253428895026445389e-03
1.553302980028092861e-03 4.144059494137763977e-03
1.554123591631650925e-03 4.143751692026853561e-03
1.511444221250712872e-03 4.146950319409370422e-03
1.477931276895105839e-03 3.998133353888988495e-03
1.499973936006426811e-03 4.018409643322229385e-03
1.477535581216216087e-03 3.998279571533203125e-03
1.464243629015982151e-03 3.826153231784701347e-03
1.463918946683406830e-03 3.826277330517768860e-03
1.421591266989707947e-03 3.829335328191518784e-03
1.411556964740157127e-03 3.700261469930410385e-03
1.341350609436631203e-03 3.640951123088598251e-03
1.384382601827383041e-03 3.637632355093955994e-03
1.378096989355981350e-03 3.551432397216558456e-03
1.305876299738883972e-03 3.448597621172666550e-03
1.328419428318738937e-03 3.468692302703857422e-03
1.301581738516688347e-03 3.405935131013393402e-03
1.273309113457798958e-03 3.299420932307839394e-03
1.272095949389040470e-03 3.299888921901583672e-03
1.291903434321284294e-03 3.276729956269264221e-03
1.219095312990248203e-03 3.174117300659418106e-03
1.215462340041995049e-03 3.131205681711435318e-03
1.236461568623781204e-03 3.107576165348291397e-03
1.206015469506382942e-03 3.001905512064695358e-03
1.160202664323151112e-03 2.961987163871526718e-03
1.120038214139640331e-03 3.008525818586349487e-03
1.153046730905771255e-03 2.876121317967772484e-03
1.127058407291769981e-03 2.813030499964952469e-03
1.107170013710856438e-03 2.836228813976049423e-03
1.127297058701515198e-03 2.812934806570410728e-03
1.054405933246016502e-03 2.710366155952215195e-03
1.117016654461622238e-03 2.683954313397407532e-03
1.073757885023951530e-03 2.687379252165555954e-03
1.044391421601176262e-03 2.581274835392832756e-03
1.063984236679971218e-03 2.558195963501930237e-03
1.020989846438169479e-03 2.561515429988503456e-03
1.018545124679803848e-03 2.518124878406524658e-03
9.880082216113805771e-04 2.412491478025913239e-03
9.911032393574714661e-04 2.455620095133781433e-03
9.877693373709917068e-04 2.412589266896247864e-03
8.725118823349475861e-04 2.313100732862949371e-03
9.422767325304448605e-04 2.372546354308724403e-03
9.180227061733603477e-04 2.353121992200613022e-03
8.891980978660285473e-04 2.246807562187314034e-03
9.082205360755324364e-04 2.223951974883675575e-03
8.650008239783346653e-04 2.227359218522906303e-03
8.651897660456597805e-04 2.227285876870155334e-03
8.811236475594341755e-04 2.161309588700532913e-03
8.815209730528295040e-04 2.161147538572549820e-03
8.154911920428276062e-04 2.144558355212211609e-03
8.322115172632038593e-04 2.078262856230139732e-03
8.557514520362019539e-04 2.097964053973555565e-03
7.889749831520020962e-04 2.081679180264472961e-03
8.323876536451280117e-04 2.078192308545112610e-03
8.522317511960864067e-04 2.055006334558129311e-03
8.290457772091031075e-04 2.035162178799510002e-03
8.060017717070877552e-04 2.015261212363839149e-03
7.791387615725398064e-04 1.952521037310361862e-03
8.025179849937558174e-04 1.972287893295288086e-03
7.587616564705967903e-04 1.975908875465393066e-03
7.329600630328059196e-04 1.912755658850073814e-03
8.026851573958992958e-04 1.972219906747341156e-03
7.329600630328059196e-04 1.912755658850073814e-03
7.101219962351024151e-04 1.892780885100364685e-03
7.527773268520832062e-04 1.889580395072698593e-03
7.459933985956013203e-04 1.803561928682029247e-03
7.262504077516496181e-04 1.826705760322511196e-03
6.867736810818314552e-04 1.872999360784888268e-03
7.496453472413122654e-04 1.846465282142162323e-03
6.834013620391488075e-04 1.829979242756962776e-03
6.832723738625645638e-04 1.830027438700199127e-03
7.498017512261867523e-04 1.846401719376444817e-03
7.229091133922338486e-04 1.783675514161586761e-03
7.464520749635994434e-04 1.803372171707451344e-03
6.602137582376599312e-04 1.810137182474136353e-03
7.000727928243577480e-04 1.763692358508706093e-03
7.000475889071822166e-04 1.763702370226383209e-03
6.964067579247057438e-04 1.720790984109044075e-03
7.231112685985863209e-04 1.783593790605664253e-03
6.570180412381887436e-04 1.767051522620022297e-03
6.995990988798439503e-04 1.763880252838134766e-03
6.997234886512160301e-04 1.763831009157001972e-03
6.534012500196695328e-04 1.724123489111661911e-03
6.964312633499503136e-04 1.720780972391366959e-03
6.538395537063479424e-04 1.723957248032093048e-03
6.962608313187956810e-04 1.720849890261888504e-03
6.502012838609516621e-04 1.681038411334156990e-03
6.540103349834680557e-04 1.723892521113157272e-03
6.538395537063479424e-04 1.723957248032093048e-03
6.703241379000246525e-04 1.657736720517277718e-03
6.702073733322322369e-04 1.657783985137939453e-03
6.312744808383285999e-04 1.703887479379773140e-03
6.475960835814476013e-04 1.637715729884803295e-03
6.505101919174194336e-04 1.680918619967997074e-03
6.245361873880028725e-04 1.617831410840153694e-03
6.469940999522805214e-04 1.637953566387295723e-03
6.241017836146056652e-04 1.617999165318906307e-03
6.006148178130388260e-04 1.598273869603872299e-03
6.471562082879245281e-04 1.637889537960290909e-03
6.208549602888524532e-04 1.574926543980836868e-03
6.235995097085833549e-04 1.618192763999104500e-03
6.438896525651216507e-04 1.594824949279427528e-03
6.404967280104756355e-04 1.551811350509524345e-03
6.438608397729694843e-04 1.594836707226932049e-03
5.979439592920243740e-04 1.554983551613986492e-03
5.476801306940615177e-04 1.472481642849743366e-03
4.533794999588280916e-04 5.495896330103278160e-04
