1.796776652336120605e-01 -2.121502906084060669e-01
1.337368041276931763e-01 -2.121408581733703613e-01
1.475565582513809204e-01 -2.227878421545028687e-01
1.429207026958465576e-01 -2.153509557247161865e-01
1.480243504047393799e-01 -2.172801196575164795e-01
1.476904898881912231e-01 -2.150941193103790283e-01
1.502609550952911377e-01 -2.142198234796524048e-01
1.513830274343490601e-01 -2.131673693656921387e-01
1.529479771852493286e-01 -2.120599150657653809e-01
1.545358598232269287e-01 -2.109090685844421387e-01
1.558417826890945435e-01 -2.099100500345230103e-01
1.572714745998382568e-01 -2.088734805583953857e-01
1.588095724582672119e-01 -2.076238393783569336e-01
1.601686775684356689e-01 -2.066404819488525391e-01
1.616712808609008789e-01 -2.054725289344787598e-01
1.631548404693603516e-01 -2.042360454797744751e-01
1.646454930305480957e-01 -2.030165791511535645e-01
1.661285609006881714e-01 -2.018278837203979492e-01
1.676496267318725586e-01 -2.005688995122909546e-01
1.689918339252471924e-01 -1.994369924068450928e-01
1.704794019460678101e-01 -1.981212794780731201e-01
1.719315946102142334e-01 -1.968836933374404907e-01
1.733522117137908936e-01 -1.956486105918884277e-01
1.748401224613189697e-01 -1.943027079105377197e-01
1.763101220130920410e-01 -1.929467171430587769e-01
1.778251081705093384e-01 -1.915806233882904053e-01
1.792772561311721802e-01 -1.901893615722656250e-01
1.806204020977020264e-01 -1.889048814773559570e-01
1.821854710578918457e-01 -1.874149888753890991e-01
1.836679726839065552e-01 -1.859273016452789307e-01
1.849929690361022949e-01 -1.846020221710205078e-01
1.864599585533142090e-01 -1.831031143665313721e-01
1.880258917808532715e-01 -1.814865767955780029e-01
1.891998648643493652e-01 -1.802863627672195435e-01
1.905784904956817627e-01 -1.787928044795989990e-01
1.920712888240814209e-01 -1.772019118070602417e-01
1.933901607990264893e-01 -1.757473945617675781e-01
1.945757716894149780e-01 -1.744537502527236938e-01
1.958919167518615723e-01 -1.729527115821838379e-01
1.971148699522018433e-01 -1.715133190155029297e-01
1.984815150499343872e-01 -1.699417084455490112e-01
1.997341215610504150e-01 -1.684716343879699707e-01
2.008330076932907104e-01 -1.672019362449645996e-01
2.019629627466201782e-01 -1.657753735780715942e-01
2.031830698251724243e-01 -1.642461419105529785e-01
2.044703811407089233e-01 -1.627210974693298340e-01
2.055228352546691895e-01 -1.613279134035110474e-01
2.066539078950881958e-01 -1.598739475011825562e-01
2.077860236167907715e-01 -1.583848148584365845e-01
2.089530527591705322e-01 -1.568703055381774902e-01
2.098075002431869507e-01 -1.556508541107177734e-01
2.109927237033843994e-01 -1.541119217872619629e-01
2.119312733411788940e-01 -1.527290493249893188e-01
2.129313945770263672e-01 -1.513776332139968872e-01
2.140294909477233887e-01 -1.497955322265625000e-01
2.148649096488952637e-01 -1.485343724489212036e-01
2.158154994249343872e-01 -1.471771746873855591e-01
2.168067991733551025e-01 -1.457244008779525757e-01
2.176272273063659668e-01 -1.444553136825561523e-01
2.185570299625396729e-01 -1.430887579917907715e-01
2.194353789091110229e-01 -1.416430473327636719e-01
2.202728986740112305e-01 -1.403798162937164307e-01
2.210683822631835938e-01 -1.391839683055877686e-01
2.218314707279205322e-01 -1.378294527530670166e-01
2.226985096931457520e-01 -1.364750564098358154e-01
2.234463989734649658e-01 -1.352871507406234741e-01
2.241690158843994141e-01 -1.339975595474243164e-01
2.249807715415954590e-01 -1.326571851968765259e-01
2.257227748632431030e-01 -1.313461959362030029e-01
2.264604270458221436e-01 -1.300878375768661499e-01
2.272113710641860962e-01 -1.288143694400787354e-01
2.278266847133636475e-01 -1.276644468307495117e-01
2.285069376230239868e-01 -1.264634877443313599e-01
2.291990369558334351e-01 -1.252134740352630615e-01
2.298308759927749634e-01 -1.239539086818695068e-01
2.304297536611557007e-01 -1.228833198547363281e-01
2.310690134763717651e-01 -1.216718032956123352e-01
2.316432297229766846e-01 -1.205240264534950256e-01
2.322427779436111450e-01 -1.194315105676651001e-01
2.327996492385864258e-01 -1.182762756943702698e-01
2.333814054727554321e-01 -1.171529889106750488e-01
2.339847236871719360e-01 -1.159098893404006958e-01
2.345717251300811768e-01 -1.147580444812774658e-01
2.350006103515625000e-01 -1.138063222169876099e-01
2.355902791023254395e-01 -1.125806719064712524e-01
2.361152172088623047e-01 -1.114818900823593140e-01
2.366647720336914062e-01 -1.102893799543380737e-01
2.371515035629272461e-01 -1.092820763587951660e-01
2.375097274780273438e-01 -1.084219366312026978e-01
2.380501180887222290e-01 -1.072676256299018860e-01
2.385324835777282715e-01 -1.061697304248809814e-01
2.389927059412002563e-01 -1.051261276006698608e-01
2.393815368413925171e-01 -1.042069345712661743e-01
2.398510426282882690e-01 -1.031029149889945984e-01
2.402794212102890015e-01 -1.021509766578674316e-01
2.406539916992187500e-01 -1.012694835662841797e-01
2.410712242126464844e-01 -1.002677381038665771e-01
2.414695024490356445e-01 -9.931103885173797607e-02
2.418423593044281006e-01 -9.831944108009338379e-02
2.421914637088775635e-01 -9.747856110334396362e-02
2.425811737775802612e-01 -9.650698304176330566e-02
2.428900152444839478e-01 -9.562429040670394897e-02
2.432557046413421631e-01 -9.476886689662933350e-02
2.436240315437316895e-01 -9.380748867988586426e-02
2.439274191856384277e-01 -9.295465052127838135e-02
2.442735433578491211e-01 -9.206905215978622437e-02
2.445715367794036865e-01 -9.121164679527282715e-02
2.449021041393280029e-01 -9.040369838476181030e-02
2.451743483543395996e-01 -8.959925919771194458e-02
2.454903125762939453e-01 -8.870874345302581787e-02
2.458256036043167114e-01 -8.783933520317077637e-02
2.460784018039703369e-01 -8.710180222988128662e-02
2.463834285736083984e-01 -8.620533347129821777e-02
2.467308193445205688e-01 -8.524454385042190552e-02
2.468881756067276001e-01 -8.470536768436431885e-02
2.471675723791122437e-01 -8.391530811786651611e-02
2.474654912948608398e-01 -8.307024836540222168e-02
2.477249950170516968e-01 -8.246621489524841309e-02
2.480814009904861450e-01 -8.143013715744018555e-02
2.477752268314361572e-01 -8.142809569835662842e-02
2.493390887975692749e-01 -7.954677194356918335e-02
2.467375695705413818e-01 -8.055917918682098389e-02
2.524342238903045654e-01 -7.698997855186462402e-02
2.429905980825424194e-01 -8.077237755060195923e-02
2.656839787960052490e-01 -1.086968183517456055e-02
2.441961551085114479e-03 -1.910634106025099754e-03
7.158598396927118301e-03 -6.197880487889051437e-03
4.839038942009210587e-03 -5.262958817183971405e-03
2.495888154953718185e-03 -3.494679694995284081e-03
2.765292301774024963e-03 -3.353533800691366196e-03
2.618014579638838768e-03 -2.927554305642843246e-03
2.330254763364791870e-03 -2.603005850687623024e-03
1.829443033784627914e-03 -1.686973497271537781e-03
1.719967694953083992e-03 -8.345321984961628914e-04
2.473278669640421867e-03 -3.244909457862377167e-03
2.087722066789865494e-03 -1.234884839504957199e-03
2.122929319739341736e-03 -4.641535691916942596e-03
4.185148514807224274e-03 -7.571300491690635681e-03
4.895398858934640884e-03 -5.276298150420188904e-03
4.193312954157590866e-03 -5.223804153501987457e-03
3.857668489217758179e-03 -4.241960123181343079e-03
4.449515603482723236e-03 -5.171978380531072617e-03
4.670560359954833984e-03 -5.331897176802158356e-03
5.216788034886121750e-03 -6.161794997751712799e-03
7.262357510626316071e-03 -8.810412138700485229e-03
9.535823017358779907e-03 -1.195992901921272278e-02
1.163797359913587570e-02 -1.499386783689260483e-02
1.651798933744430542e-02 -2.195701934397220612e-02
2.219352126121520996e-02 -3.012942522764205933e-02
2.687281370162963867e-02 -3.686548396944999695e-02
3.442591801285743713e-02 -4.730231314897537231e-02
4.408048465847969055e-02 -6.016139686107635498e-02
5.134501680731773376e-02 -6.998134404420852661e-02
6.027135998010635376e-02 -8.155599236488342285e-02
7.234427332878112793e-02 -9.655507653951644897e-02
8.168669044971466064e-02 -1.083343178033828735e-01
9.093165397644042969e-02 -1.198397129774093628e-01
1.036766171455383301e-01 -1.345117241144180298e-01
1.143021807074546814e-01 -1.468310207128524780e-01
1.213451027870178223e-01 -1.553528457880020142e-01
1.298940479755401611e-01 -1.644617170095443726e-01
1.368899345397949219e-01 -1.714904308319091797e-01
1.402939110994338989e-01 -1.755295097827911377e-01
1.435984820127487183e-01 -1.787375360727310181e-01
1.461524963378906250e-01 -1.809980273246765137e-01
1.472811102867126465e-01 -1.827392727136611938e-01
1.483061462640762329e-01 -1.841039955615997314e-01
1.494675576686859131e-01 -1.850739270448684692e-01
1.498364955186843872e-01 -1.860577762126922607e-01
1.499824374914169312e-01 -1.869937777519226074e-01
1.504752337932586670e-01 -1.875959485769271851e-01
1.506121754646301270e-01 -1.882133185863494873e-01
1.503894031047821045e-01 -1.890119016170501709e-01
1.505617201328277588e-01 -1.894728243350982666e-01
1.506485790014266968e-01 -1.898889392614364624e-01
1.503891795873641968e-01 -1.905540823936462402e-01
1.503413766622543335e-01 -1.909640580415725708e-01
1.505365818738937378e-01 -1.911157816648483276e-01
1.502984762191772461e-01 -1.916064321994781494e-01
1.501644104719161987e-01 -1.919171512126922607e-01
1.504691541194915771e-01 -1.919087320566177368e-01
1.504258215427398682e-01 -1.921528577804565430e-01
1.502562463283538818e-01 -1.924344152212142944e-01
1.506453901529312134e-01 -1.922307312488555908e-01
1.507966816425323486e-01 -1.922329664230346680e-01
1.506909281015396118e-01 -1.924667358398437500e-01
1.509787142276763916e-01 -1.922899931669235229e-01
1.514687538146972656e-01 -1.918826401233673096e-01
1.514118462800979614e-01 -1.920276582241058350e-01
1.516593098640441895e-01 -1.918518841266632080e-01
1.524077355861663818e-01 -1.911498010158538818e-01
1.524941027164459229e-01 -1.911677420139312744e-01
1.526234149932861328e-01 -1.910231113433837891e-01
1.534343212842941284e-01 -1.902006119489669800e-01
1.537039279937744141e-01 -1.899552494287490845e-01
1.538041234016418457e-01 -1.899097561836242676e-01
1.546249687671661377e-01 -1.890271604061126709e-01
1.552890688180923462e-01 -1.883075833320617676e-01
1.553182303905487061e-01 -1.883393824100494385e-01
1.560096591711044312e-01 -1.874704658985137939e-01
1.569770574569702148e-01 -1.863430738449096680e-01
1.570532321929931641e-01 -1.863177716732025146e-01
1.576087474822998047e-01 -1.856285333633422852e-01
1.586753129959106445e-01 -1.842484623193740845e-01
1.589832901954650879e-01 -1.838158369064331055e-01
1.593802124261856079e-01 -1.833370625972747803e-01
1.604233533143997192e-01 -1.817649453878402710e-01
1.609873920679092407e-01 -1.809601485729217529e-01
1.611821651458740234e-01 -1.807135790586471558e-01
1.619856208562850952e-01 -1.791787892580032349e-01
1.627282053232192993e-01 -1.779167652130126953e-01
1.629362553358078003e-01 -1.776392310857772827e-01
1.633629798889160156e-01 -1.764576733112335205e-01
1.640418469905853271e-01 -1.747642457485198975e-01
1.642560809850692749e-01 -1.743540316820144653e-01
1.644684970378875732e-01 -1.734301000833511353e-01
1.648404598236083984e-01 -1.714722067117691040e-01
1.649882495403289795e-01 -1.705255806446075439e-01
1.650660485029220581e-01 -1.698580086231231689e-01
1.649190485477447510e-01 -1.677045673131942749e-01
1.647700369358062744e-01 -1.659920662641525269e-01
1.647388935089111328e-01 -1.654736399650573730e-01
1.639962047338485718e-01 -1.630192995071411133e-01
1.630562543869018555e-01 -1.601788252592086792e-01
1.626644730567932129e-01 -1.593593209981918335e-01
1.614282131195068359e-01 -1.568976491689682007e-01
1.585979312658309937e-01 -1.523458510637283325e-01
1.573597937822341919e-01 -1.507570445537567139e-01
1.551939547061920166e-01 -1.478277742862701416e-01
1.496911197900772095e-01 -1.412537395954132080e-01
1.468798071146011353e-01 -1.376642137765884399e-01
1.449983566999435425e-01 -1.355856657028198242e-01
1.388002038002014160e-01 -1.288887858390808105e-01
1.338876783847808838e-01 -1.229349970817565918e-01
1.315292567014694214e-01 -1.210711374878883362e-01
1.249976530671119690e-01 -1.140990406274795532e-01
1.181321889162063599e-01 -1.064916253089904785e-01
1.154490262269973755e-01 -1.043555140495300293e-01
1.107514649629592896e-01 -9.927627444267272949e-02
1.032132282853126526e-01 -9.149857610464096069e-02
9.990222007036209106e-02 -8.834641426801681519e-02
9.647767990827560425e-02 -8.495557308197021484e-02
8.947275578975677490e-02 -7.762522250413894653e-02
8.500820398330688477e-02 -7.312908023595809937e-02
8.253223448991775513e-02 -7.100701332092285156e-02
7.654338330030441284e-02 -6.449568271636962891e-02
7.109854370355606079e-02 -5.923774093389511108e-02
6.901457160711288452e-02 -5.720350146293640137e-02
6.431692093610763550e-02 -5.207490921020507812e-02
5.859217792749404907e-02 -4.645804315805435181e-02
5.617405101656913757e-02 -4.362717270851135254e-02
5.295990779995918274e-02 -4.047565534710884094e-02
4.724624380469322205e-02 -3.472583368420600891e-02
4.431924596428871155e-02 -3.145845606923103333e-02
4.218535497784614563e-02 -2.954106405377388000e-02
3.721373528242111206e-02 -2.451400831341743469e-02
3.374041616916656494e-02 -2.097832038998603821e-02
3.222072124481201172e-02 -1.951471902430057526e-02
2.849818393588066101e-02 -1.595387421548366547e-02
2.503404766321182251e-02 -1.258769910782575607e-02
2.383219078183174133e-02 -1.145019941031932831e-02
2.124598436057567596e-02 -9.295288473367691040e-03
1.809884794056415558e-02 -6.589576601982116699e-03
1.686507277190685272e-02 -5.618026945739984512e-03
1.527416054159402847e-02 -4.559873603284358978e-03
1.277996320277452469e-02 -2.789090620353817940e-03
1.156758889555931091e-02 -2.068368019536137581e-03
1.065723970532417297e-02 -1.582650118507444859e-03
8.953080512583255768e-03 -6.556940497830510139e-04
7.857575081288814545e-03 -1.688904594630002975e-04
7.289513014256954193e-03 1.433624420315027237e-04
6.229809485375881195e-03 4.678991390392184258e-04
5.330495070666074753e-03 8.309616241604089737e-04
5.014041904360055923e-03 9.747374569997191429e-04
4.356616642326116562e-03 1.111941761337220669e-03
3.738715313374996185e-03 1.306306803598999977e-03
3.472594544291496277e-03 1.380647998303174973e-03
3.136574290692806244e-03 1.404205104336142540e-03
2.735394751653075218e-03 1.407607924193143845e-03
2.499766647815704346e-03 1.476532896049320698e-03
2.374016446992754936e-03 1.466734101995825768e-03
2.042529638856649399e-03 1.521248836070299149e-03
1.897037494927644730e-03 1.575803151354193687e-03
1.766079803928732872e-03 1.536012976430356503e-03
1.585363061167299747e-03 1.565527403727173805e-03
1.500338199548423290e-03 1.610018080100417137e-03
1.435003709048032761e-03 1.589908031746745110e-03
1.349571277387440205e-03 1.634797663427889347e-03
1.238907454535365105e-03 1.714755431748926640e-03
1.173929311335086823e-03 1.694356324151158333e-03
1.148737268522381783e-03 1.729400828480720520e-03
1.067770179361104965e-03 1.804690808057785034e-03
1.017328700982034206e-03 1.874788315035402775e-03
1.022286480292677879e-03 1.904886448755860329e-03
1.012363238260149956e-03 2.030022675171494484e-03
9.665862889960408211e-04 2.130374545231461525e-03
9.807797614485025406e-04 2.220984082669019699e-03
9.310048189945518970e-04 2.290793694555759430e-03
9.258124628104269505e-04 2.446191618219017982e-03
9.200449567288160324e-04 2.601808402687311172e-03
8.689094102010130882e-04 2.672133967280387878e-03
9.188203839585185051e-04 2.973099472001194954e-03
9.178289910778403282e-04 3.158853622153401375e-03
8.723452338017523289e-04 3.259049030020833015e-03
8.964042062871158123e-04 3.595264162868261337e-03
8.803555974736809731e-04 3.876195987686514854e-03
8.349554846063256264e-04 3.976373933255672455e-03
8.977791294455528259e-04 4.368158522993326187e-03
8.268161909654736519e-04 4.688939079642295837e-03
8.220925228670239449e-04 4.844313953071832657e-03
8.353708544746041298e-04 5.120451096445322037e-03
8.343107183463871479e-04 5.677233915776014328e-03
8.548524929210543633e-04 5.797583609819412231e-03
8.241526084020733833e-04 5.988142453134059906e-03
7.369760423898696899e-04 6.589937955141067505e-03
7.192764896899461746e-04 6.871038582175970078e-03
7.349180523306131363e-04 6.961305160075426102e-03
6.671377341262996197e-04 7.498002611100673676e-03
6.396661046892404556e-04 7.904392667114734650e-03
6.515406421385705471e-04 7.964466698467731476e-03
6.102056941017508507e-04 8.280432783067226410e-03
5.579901626333594322e-04 8.907416835427284241e-03
5.240946193225681782e-04 8.882149122655391693e-03
5.095222149975597858e-04 8.977385237812995911e-03
4.711748333647847176e-04 9.694785811007022858e-03
4.287305055186152458e-04 9.639581665396690369e-03
4.289328353479504585e-04 9.639572352170944214e-03
3.704036353155970573e-04 1.023647841066122055e-02
3.501055762171745300e-04 1.030163187533617020e-02
3.810912603512406349e-04 1.011107675731182098e-02
3.269521985203027725e-04 1.052221469581127167e-02
2.771068830043077469e-04 1.077789720147848129e-02
3.445415059104561806e-04 1.045714598149061203e-02
3.151386044919490814e-04 1.064765173941850662e-02
3.367598401382565498e-04 1.095368899405002594e-02
3.731941105797886848e-04 1.060760580003261566e-02
3.745594294741749763e-04 1.060755830258131027e-02
3.777636447921395302e-04 1.082335319370031357e-02
3.881879383698105812e-04 1.069795526564121246e-02
4.252989310771226883e-04 1.038216240704059601e-02
4.210947081446647644e-04 1.053762249648571014e-02
4.487816477194428444e-04 1.050248090177774429e-02
5.266107618808746338e-04 1.002602744847536087e-02
5.353773012757301331e-04 1.008632127195596695e-02
5.202414467930793762e-04 1.018158998340368271e-02
6.180877098813652992e-04 9.639977477490901947e-03
6.831902428530156612e-04 9.474650956690311432e-03
6.484089535661041737e-04 9.635036811232566833e-03
7.296372205018997192e-04 9.188778698444366455e-03
7.646584999747574329e-04 8.812254294753074646e-03
7.819252787157893181e-04 8.932937867939472198e-03
8.220501476898789406e-04 8.617059327661991119e-03
8.950261981226503849e-04 8.110399357974529266e-03
9.387104073539376259e-04 8.195960894227027893e-03
9.656531037762761116e-04 7.975135929882526398e-03
9.769463213160634041e-04 7.478483486920595169e-03
9.973585838451981544e-04 7.413296028971672058e-03
1.041858340613543987e-03 7.313215173780918121e-03
1.090323785319924355e-03 6.841430906206369400e-03
1.086602453142404556e-03 6.625561043620109558e-03
1.085610128939151764e-03 6.625723559409379959e-03
1.128505216911435127e-03 6.309412885457277298e-03
1.097391592338681221e-03 5.943436641246080399e-03
1.152691664174199104e-03 5.903451237827539444e-03
1.210085814818739891e-03 5.677493754774332047e-03
1.179414684884250164e-03 5.311491899192333221e-03
1.169657334685325623e-03 5.251233000308275223e-03
1.213761745020747185e-03 5.151325371116399765e-03
1.247451873496174812e-03 4.774485714733600616e-03
1.257798168808221817e-03 4.649080336093902588e-03
1.282280427403748035e-03 4.614214412868022919e-03
1.263845595531165600e-03 4.307869821786880493e-03
1.233034534379839897e-03 4.127521067857742310e-03
1.263064332306385040e-03 4.122612532228231430e-03
1.263656769879162312e-03 3.936949651688337326e-03
1.289343927055597305e-03 3.716261358931660652e-03
1.279550488106906414e-03 3.656000597402453423e-03
1.295776106417179108e-03 3.560381243005394936e-03
1.295795547775924206e-03 3.374911844730377197e-03
1.281260396353900433e-03 3.284452948719263077e-03
1.341491704806685448e-03 3.274568356573581696e-03
1.342018600553274155e-03 3.088903613388538361e-03
1.302279182709753513e-03 3.033502725884318352e-03
1.352743478491902351e-03 2.963324077427387238e-03
1.363496179692447186e-03 2.837713342159986496e-03
1.378287328407168388e-03 2.742655342444777489e-03
1.348583842627704144e-03 2.747399499639868736e-03
1.368739991448819637e-03 2.682249294593930244e-03
1.379328779876232147e-03 2.556693041697144508e-03
1.384391798637807369e-03 2.586748450994491577e-03
1.439336687326431274e-03 2.546910895034670830e-03
1.384777715429663658e-03 2.401112345978617668e-03
1.419482403434813023e-03 2.426483668386936188e-03
1.444747904315590858e-03 2.391358371824026108e-03
1.465209526941180229e-03 2.326021203771233559e-03
1.460550236515700817e-03 2.295719459652900696e-03
1.520482241176068783e-03 2.285998081788420677e-03
1.515527605079114437e-03 2.255884464830160141e-03
1.505900872871279716e-03 2.195463515818119049e-03
1.570847118273377419e-03 2.215828513726592064e-03
1.560936681926250458e-03 2.155601512640714645e-03
1.586367841809988022e-03 2.120328368619084358e-03
1.621715957298874855e-03 2.145273610949516296e-03
1.586550730280578136e-03 2.120191697031259537e-03
1.671747420914471149e-03 2.075338270515203476e-03
1.641902141273021698e-03 2.080086153000593185e-03
1.646865159273147583e-03 2.110198372974991798e-03
1.701860339380800724e-03 2.070378977805376053e-03
1.696814666502177715e-03 2.040337771177291870e-03
1.727276016026735306e-03 2.035084646195173264e-03
1.757083926349878311e-03 2.030385192483663559e-03
1.717095845378935337e-03 1.975081162527203560e-03
1.757388236001133919e-03 2.030121628195047379e-03
1.812863512896001339e-03 1.989888958632946014e-03
1.842846279032528400e-03 1.985042588785290718e-03
1.812649774365127087e-03 1.990083605051040649e-03
1.847941544838249683e-03 2.015034435316920280e-03
1.868412829935550690e-03 1.949564553797245026e-03
1.837588846683502197e-03 1.955205807462334633e-03
1.878138515166938305e-03 2.009988529607653618e-03
1.873129047453403473e-03 1.979916589334607124e-03
1.878397073596715927e-03 2.009746618568897247e-03
1.908507896587252617e-03 2.004775451496243477e-03
1.933098770678043365e-03 1.970231533050537109e-03
1.938361558131873608e-03 2.000053413212299347e-03
1.903240568935871124e-03 1.974949613213539124e-03
1.903240568935871124e-03 1.974949613213539124e-03
1.938319066539406776e-03 2.000094624236226082e-03
1.873383647762238979e-03 1.979675609618425369e-03
1.913217594847083092e-03 2.035132376477122307e-03
1.938576344400644302e-03 1.999845029786229134e-03
1.873383647762238979e-03 1.979675609618425369e-03
1.913436222821474075e-03 2.034926787018775940e-03
1.943286042660474777e-03 2.030206145718693733e-03
1.947987708263099194e-03 2.060568425804376602e-03
1.888251979835331440e-03 2.070048591122031212e-03
1.883325167000293732e-03 2.039897488430142403e-03
1.888295868411660194e-03 2.070008544251322746e-03
1.863471232354640961e-03 2.104810904711484909e-03
1.893851673230528831e-03 2.099591773003339767e-03
1.858630683273077011e-03 2.074580173939466476e-03
1.893762266263365746e-03 2.099672332406044006e-03
1.893266569823026657e-03 2.100119600072503090e-03
1.863155630417168140e-03 2.105090301483869553e-03
1.843265490606427193e-03 2.170045860111713409e-03
1.842660829424858093e-03 2.170559251680970192e-03
1.808225992135703564e-03 2.144871512427926064e-03
1.848286716267466545e-03 2.200116869062185287e-03
1.783371553756296635e-03 2.179727656766772270e-03
1.792753231711685658e-03 2.240408211946487427e-03
1.823151716962456703e-03 2.235202351585030556e-03
1.762979081831872463e-03 2.245115116238594055e-03
1.802696031518280506e-03 2.300629857927560806e-03
1.802745042368769646e-03 2.300591906532645226e-03
1.747445669025182724e-03 2.340683713555335999e-03
1.752926269546151161e-03 2.370418282225728035e-03
1.752366661094129086e-03 2.370831789448857307e-03
1.752366661094129086e-03 2.370831789448857307e-03
1.702034380286931992e-03 2.441031392663717270e-03
1.706791459582746029e-03 2.471289597451686859e-03
1.671975245699286461e-03 2.445965772494673729e-03
1.652128761634230614e-03 2.510946244001388550e-03
1.682292437180876732e-03 2.505935495719313622e-03
1.657103421166539192e-03 2.541056601330637932e-03
1.702193403616547585e-03 2.626376459375023842e-03
1.702475594356656075e-03 2.626193920150399208e-03
1.672083279117941856e-03 2.631351817399263382e-03
1.651576487347483635e-03 2.696760231629014015e-03
1.661577844060957432e-03 2.756946720182895660e-03
1.636379747651517391e-03 2.792064100503921509e-03
1.637039007619023323e-03 2.791677834466099739e-03
1.621864619664847851e-03 2.886985428631305695e-03
1.621864619664847851e-03 2.886985428631305695e-03
1.657702028751373291e-03 2.911690156906843185e-03
1.641842536628246307e-03 3.007389139384031296e-03
1.646821619942784309e-03 3.037498798221349716e-03
1.611668849363923073e-03 3.012402681633830070e-03
1.631179824471473694e-03 3.133051330223679543e-03
1.606044010259211063e-03 3.168136347085237503e-03
1.661290181800723076e-03 3.128076670691370964e-03
1.615993212908506393e-03 3.228357061743736267e-03
1.595832174643874168e-03 3.293552435934543610e-03
1.625942531973123550e-03 3.288577776402235031e-03
1.570268068462610245e-03 3.328839316964149475e-03
1.620705239474773407e-03 3.444104222580790520e-03
1.625679782591760159e-03 3.474214579910039902e-03
1.595643348991870880e-03 3.479155013337731361e-03
1.610876643098890781e-03 3.569347085431218147e-03
1.585821388289332390e-03 3.604401135817170143e-03
1.615931047126650810e-03 3.599422518163919449e-03
1.599884475581347942e-03 3.695107763633131981e-03
1.580200158059597015e-03 3.760097781196236610e-03
1.549685606732964516e-03 3.765239380300045013e-03
1.589659135788679123e-03 3.820522921159863472e-03
1.599684357643127441e-03 3.880710806697607040e-03
1.543763792142271996e-03 3.921029623597860336e-03
1.579941483214497566e-03 3.945734351873397827e-03
1.594781526364386082e-03 4.036099184304475784e-03
1.564065460115671158e-03 4.041308071464300156e-03
1.589891966432332993e-03 4.005954600870609283e-03
1.548507949337363243e-03 4.136744886636734009e-03
1.524437568150460720e-03 4.171431995928287506e-03
1.519374316558241844e-03 4.141354002058506012e-03
1.554459333419799805e-03 4.166489932686090469e-03
1.534388051368296146e-03 4.231652244925498962e-03
1.529412809759378433e-03 4.201542120426893234e-03
1.565132057294249535e-03 4.226442426443099976e-03
1.549870008602738380e-03 4.321783315390348434e-03
1.540460041724145412e-03 4.261366091668605804e-03
1.539363292977213860e-03 4.261762369424104691e-03
1.524646882899105549e-03 4.356904421001672745e-03
1.490208087489008904e-03 4.331550095230340958e-03
1.519668381661176682e-03 4.326794762164354324e-03
1.499609090387821198e-03 4.391960799694061279e-03
1.499515725299715996e-03 4.391992930322885513e-03
1.459356630221009254e-03 4.336783196777105331e-03
1.495098229497671127e-03 4.361691419035196304e-03
1.439862535335123539e-03 4.401764832437038422e-03
1.418831525370478630e-03 4.281693603843450546e-03
1.459448947571218014e-03 4.336751997470855713e-03
1.439389772713184357e-03 4.401918966323137283e-03
1.420483808033168316e-03 4.281145520508289337e-03
1.419842010363936424e-03 4.281358793377876282e-03
1.399321947246789932e-03 4.346678964793682098e-03
1.384384580887854099e-03 4.256350453943014145e-03
1.374337123706936836e-03 4.196160472929477692e-03
1.379495486617088318e-03 4.226211458444595337e-03
1.349295838735997677e-03 4.231219645589590073e-03
1.334358472377061844e-03 4.140890669077634811e-03
1.309765386395156384e-03 4.175811540335416794e-03
1.333737745881080627e-03 4.141091369092464447e-03
1.349530648440122604e-03 4.045583307743072510e-03
1.319942297413945198e-03 4.050392657518386841e-03
1.314788125455379486e-03 4.020339809358119965e-03
1.274289796128869057e-03 3.965239971876144409e-03
1.290542073547840118e-03 3.869572654366493225e-03
1.295612193644046783e-03 3.899653442203998566e-03
1.260017859749495983e-03 3.874694928526878357e-03
1.270192093215882778e-03 3.749276045709848404e-03
1.274528680369257927e-03 3.779603168368339539e-03
1.208847039379179478e-03 3.759606042876839638e-03
1.220538862980902195e-03 3.633693326264619827e-03
1.220071339048445225e-03 3.633850021287798882e-03
1.220148755237460136e-03 3.633824177086353302e-03
1.171010779216885567e-03 3.518071491271257401e-03
1.190617680549621582e-03 3.453043522313237190e-03
1.135387923568487167e-03 3.493125550448894501e-03
1.145910122431814671e-03 3.367582103237509727e-03
1.136000500991940498e-03 3.307342529296875000e-03
1.140991225838661194e-03 3.337450325489044189e-03
1.101254136301577091e-03 3.282107412815093994e-03
1.111046643927693367e-03 3.156804246827960014e-03
1.076284330338239670e-03 3.131571691483259201e-03
1.106324722059071064e-03 3.126601455733180046e-03
1.026201294735074043e-03 3.016137052327394485e-03
1.021207310259342194e-03 2.986029954627156258e-03
1.086479751393198967e-03 3.006126033142209053e-03
1.011281739920377731e-03 2.925794105976819992e-03
1.031399588100612164e-03 2.860585693269968033e-03
1.032135449349880219e-03 2.860320266336202621e-03
9.862494189292192459e-04 2.775280037894845009e-03
9.762614499777555466e-04 2.715065842494368553e-03
9.465041803196072578e-04 2.719938056543469429e-03
9.668429847806692123e-04 2.654644427821040154e-03
9.218454360961914062e-04 2.569287084043025970e-03
9.572866838425397873e-04 2.594268182292580605e-03
9.125410579144954681e-04 2.508821431547403336e-03
8.412054739892482758e-04 2.459011273458600044e-03
9.065213380381464958e-04 2.479086164385080338e-03
8.724163635633885860e-04 2.453622641041874886e-03
8.974071824923157692e-04 2.418546238914132118e-03
8.218706352636218071e-04 2.338355639949440956e-03
8.567274780943989754e-04 2.363547915592789650e-03
8.466748404316604137e-04 2.303354442119598389e-03
7.764125475659966469e-04 2.253161277621984482e-03
8.066147565841674805e-04 2.248126314952969551e-03
8.018033695407211781e-04 2.217951463535428047e-03
7.566850399598479271e-04 2.132639754563570023e-03
7.918870542198419571e-04 2.157707000151276588e-03
7.570049492642283440e-04 2.132526133209466934e-03
7.419347530230879784e-04 2.042227890342473984e-03
7.364521152339875698e-04 2.012297045439481735e-03
7.720831781625747681e-04 2.037203405052423477e-03
7.269519846886396408e-04 1.951898098923265934e-03
6.963021587580442429e-04 1.957100816071033478e-03
7.269101915881037712e-04 1.951913698576390743e-03
6.868296768516302109e-04 1.896697562187910080e-03
7.214488578028976917e-04 1.921979128383100033e-03
6.811006460338830948e-04 1.866855891421437263e-03
7.069166749715805054e-04 1.831479487009346485e-03
6.765758153051137924e-04 1.836575218476355076e-03
6.366516463458538055e-04 1.781301456503570080e-03
6.715322379022836685e-04 1.806484302505850792e-03
6.613364093936979771e-04 1.746344380080699921e-03
6.263029063120484352e-04 1.721212756820023060e-03
6.613737205043435097e-04 1.746330293826758862e-03
6.214819150045514107e-04 1.691040466539561749e-03
6.465461337938904762e-04 1.655943342484533787e-03
6.218806374818086624e-04 1.690893666818737984e-03
6.162272184155881405e-04 1.661027665250003338e-03
6.064309272915124893e-04 1.600737799890339375e-03
5.712868878617882729e-04 1.575649483129382133e-03
6.064650951884686947e-04 1.600724761374294758e-03
5.659181624650955200e-04 1.545677660033106804e-03
5.960576236248016357e-04 1.540667610242962837e-03
5.964539013803005219e-04 1.540514407679438591e-03
5.866014398634433746e-04 1.480241073295474052e-03
5.613430985249578953e-04 1.515414798632264137e-03
5.212266696617007256e-04 1.460209954530000687e-03
5.561464931815862656e-04 1.485381042584776878e-03
5.258171586319804192e-04 1.490461756475269794e-03
5.160371656529605389e-04 1.430171192623674870e-03
5.463262787088751793e-04 1.425099093466997147e-03
4.762227181345224380e-04 1.374859013594686985e-03
5.062099080532789230e-04 1.369894249364733696e-03
4.710991051979362965e-04 1.344794756732881069e-03
4.658963298425078392e-04 1.314759370870888233e-03
5.008596926927566528e-04 1.339918002486228943e-03
4.308444040361791849e-04 1.289636129513382912e-03
4.607848823070526123e-04 1.284693018533289433e-03
4.258420376572757959e-04 1.259530428797006607e-03
4.512080340646207333e-04 1.224325504153966904e-03
4.512080340646207333e-04 1.224325504153966904e-03
4.157604125794023275e-04 1.199345570057630539e-03
4.108349385205656290e-04 1.169213093817234039e-03
4.106595588382333517e-04 1.169274677522480488e-03
4.362057952675968409e-04 1.134002231992781162e-03
4.410406399983912706e-04 1.164172892458736897e-03
3.708439180627465248e-04 1.113964244723320007e-03
4.010917618870735168e-04 1.108907046727836132e-03
3.658383211586624384e-04 1.083859009668231010e-03
3.612618602346628904e-04 1.053606858476996422e-03
3.607197140809148550e-04 1.053792540915310383e-03
3.257439238950610161e-04 1.028647297061979771e-03
3.608552506193518639e-04 1.053746091201901436e-03
3.204594540875405073e-04 9.986314689740538597e-04
3.257439238950610161e-04 1.028647297061979771e-03
3.509280795697122812e-04 9.935058187693357468e-04
2.806200936902314425e-04 9.433382074348628521e-04
2.903743879869580269e-04 1.003623125143349171e-03
3.107051306869834661e-04 9.383385768160223961e-04
3.409303899388760328e-04 9.332891786471009254e-04
2.807212586048990488e-04 9.433081140741705894e-04
3.057189751416444778e-04 9.082268225029110909e-04
3.108459059149026871e-04 9.382920106872916222e-04
2.707023231778293848e-04 8.830989827401936054e-04
2.756138565018773079e-04 9.132330887950956821e-04
2.757313486654311419e-04 9.131976403295993805e-04
2.960336860269308090e-04 8.479024982079863548e-04
2.710619592107832432e-04 8.829886210151016712e-04
2.656196302268654108e-04 8.530172635801136494e-04
2.657111035659909248e-04 8.529887418262660503e-04
2.705887309275567532e-04 8.831337909214198589e-04
2.908054739236831665e-04 8.178742136806249619e-04
2.608068461995571852e-04 8.228507940657436848e-04
2.608773938845843077e-04 8.228283841162919998e-04
2.559797721914947033e-04 7.926865946501493454e-04
2.609126677270978689e-04 8.228171500377357006e-04
2.558098349254578352e-04 7.927414844743907452e-04
2.557928382884711027e-04 7.927469559945166111e-04
2.809801371768116951e-04 7.575929630547761917e-04
2.860992681235074997e-04 7.876593736000359058e-04
2.508769393898546696e-04 7.626108126714825630e-04
2.809963480103760958e-04 7.575869676657021046e-04
2.810938167385756969e-04 7.575508207082748413e-04
2.760402276180684566e-04 7.274602539837360382e-04
2.859979867935180664e-04 7.876961608417332172e-04
3.059724986087530851e-04 7.225113222375512123e-04
2.760402276180684566e-04 7.274602539837360382e-04
3.111800760962069035e-04 7.525351247750222683e-04
2.711088163778185844e-04 6.973227718845009804e-04
3.062512550968676805e-04 7.223932188935577869e-04
2.458748058415949345e-04 7.325023761950433254e-04
3.109864774160087109e-04 7.526151603087782860e-04
3.060809103772044182e-04 7.224653963930904865e-04
2.758842892944812775e-04 7.275194511748850346e-04
3.061583265662193298e-04 7.224326254799962044e-04
2.710340777412056923e-04 6.973518175072968006e-04
2.760558272711932659e-04 7.274543750099837780e-04
3.312538901809602976e-04 6.873012753203511238e-04
2.760402276180684566e-04 7.274602539837360382e-04
2.961432910524308681e-04 6.622148212045431137e-04
2.710340777412056923e-04 6.973518175072968006e-04
2.661839826032519341e-04 6.671809242106974125e-04
2.660981845110654831e-04 6.672150921076536179e-04
3.012107918038964272e-04 6.922978209331631660e-04
3.012405068147927523e-04 6.922848406247794628e-04
2.660267055034637451e-04 6.672436138615012169e-04
2.961290883831679821e-04 6.622212240472435951e-04
2.911067276727408171e-04 6.321187829598784447e-04
2.559819258749485016e-04 6.070387898944318295e-04
3.163274959661066532e-04 5.969194462522864342e-04
2.911067276727408171e-04 6.321187829598784447e-04
3.263019316364079714e-04 6.571639096364378929e-04
2.610862720757722855e-04 6.371075869537889957e-04
2.960155252367258072e-04 6.622719811275601387e-04
3.163274959661066532e-04 5.969194462522864342e-04
2.911744522862136364e-04 6.320876418612897396e-04
2.612364187370985746e-04 6.370460614562034607e-04
2.863036643248051405e-04 6.019121501594781876e-04
3.212763112969696522e-04 6.270620506256818771e-04
3.162507200613617897e-04 5.969601334072649479e-04
3.163274959661066532e-04 5.969194462522864342e-04
3.164938534609973431e-04 5.968313198536634445e-04
3.113101993221789598e-04 5.668115918524563313e-04
3.163274959661066532e-04 5.969194462522864342e-04
3.114559804089367390e-04 5.667314399033784866e-04
2.862391993403434753e-04 6.019427673891186714e-04
3.414113016333431005e-04 5.617814604192972183e-04
2.863681002054363489e-04 6.018814747221767902e-04
2.811967860907316208e-04 5.718477186746895313e-04
3.063491021748632193e-04 5.366710247471928596e-04
2.811478043440729380e-04 5.718718166463077068e-04
3.062916221097111702e-04 5.367038538679480553e-04
3.065561177209019661e-04 5.365528049878776073e-04
3.465175395831465721e-04 5.918379756622016430e-04
3.114559804089367390e-04 5.667314399033784866e-04
3.114437568001449108e-04 5.667381337843835354e-04
3.113223938271403313e-04 5.668048979714512825e-04
3.417002444621175528e-04 5.616057314909994602e-04
3.415558021515607834e-04 5.616936250589787960e-04
3.014453977812081575e-04 5.064930301159620285e-04
3.064755874220281839e-04 5.365988472476601601e-04
3.013802634086459875e-04 5.065317964181303978e-04
3.012608503922820091e-04 5.066028679721057415e-04
3.365179582033306360e-04 5.315938033163547516e-04
3.314800851512700319e-04 5.014939815737307072e-04
3.064871125388890505e-04 5.365922115743160248e-04
2.963934093713760376e-04 4.764002515003085136e-04
3.013911482412368059e-04 5.065253353677690029e-04
3.615267341956496239e-04 4.964948166161775589e-04
3.264523693360388279e-04 4.713871167041361332e-04
3.314908826723694801e-04 5.014868220314383507e-04
3.265129635110497475e-04 4.713450616691261530e-04
3.014562826137989759e-04 5.064865108579397202e-04
3.314800851512700319e-04 5.014939815737307072e-04
2.964036539196968079e-04 4.763938486576080322e-04
3.014453977812081575e-04 5.064930301159620285e-04
2.963526349049061537e-04 4.764256009366363287e-04
3.014453977812081575e-04 5.064930301159620285e-04
3.265028353780508041e-04 4.713521338999271393e-04
2.913715143222361803e-04 4.462883807718753815e-04
3.014453977812081575e-04 5.064930301159620285e-04
3.214043681509792805e-04 4.412943380884826183e-04
3.264422412030398846e-04 4.713941598311066628e-04
3.213476156815886497e-04 4.413356073200702667e-04
3.214043681509792805e-04 4.412943380884826183e-04
2.964649174828082323e-04 4.763557517435401678e-04
3.215178439859300852e-04 4.412116250023245811e-04
3.266240528319031000e-04 4.712681984528899193e-04
3.266138955950737000e-04 4.712751833721995354e-04
3.265634295530617237e-04 4.713101661764085293e-04
3.214043681509792805e-04 4.412943380884826183e-04
3.214705793652683496e-04 4.412459966260939837e-04
3.265736158937215805e-04 4.713030939456075430e-04
3.516724682413041592e-04 4.361208120826631784e-04
3.266846470069140196e-04 4.712261725217103958e-04
3.516163560561835766e-04 4.361660103313624859e-04
2.865342539735138416e-04 4.160482203587889671e-04
3.215178439859300852e-04 4.412116250023245811e-04
2.914289361797273159e-04 4.462509241420775652e-04
3.165779635310173035e-04 4.110317095182836056e-04
3.265634295530617237e-04 4.713101661764085293e-04
2.864272391889244318e-04 4.161218821536749601e-04
3.214611206203699112e-04 4.412529524415731430e-04
2.864182461053133011e-04 4.161280230619013309e-04
3.216880431864410639e-04 4.410875844769179821e-04
3.165339585393667221e-04 4.110655572731047869e-04
2.864897251129150391e-04 4.160788375884294510e-04
2.864897251129150391e-04 4.160788375884294510e-04
3.165339585393667221e-04 4.110655572731047869e-04
3.165251109749078751e-04 4.110724257770925760e-04
3.214611206203699112e-04 4.412529524415731430e-04
2.864362031687051058e-04 4.161156830377876759e-04
3.165868401993066072e-04 4.110248410142958164e-04
2.914766955655068159e-04 4.462197539396584034e-04
2.864362031687051058e-04 4.161156830377876759e-04
3.165339585393667221e-04 4.110655572731047869e-04
2.914863289333879948e-04 4.462134384084492922e-04
3.165339585393667221e-04 4.110655572731047869e-04
2.863826812244951725e-04 4.161524993833154440e-04
3.115818253718316555e-04 3.808876499533653259e-04
2.865967107936739922e-04 4.160051466897130013e-04
2.864897251129150391e-04 4.160788375884294510e-04
3.115818253718316555e-04 3.808876499533653259e-04
2.864986890926957130e-04 4.160726675763726234e-04
2.865432179532945156e-04 4.160419921390712261e-04
2.864807320293039083e-04 4.160850367043167353e-04
3.115736180916428566e-04 3.808944311458617449e-04
3.116797597613185644e-04 3.808075271081179380e-04
2.764732344076037407e-04 3.558135358616709709e-04
2.865432179532945156e-04 4.160419921390712261e-04
2.814853505697101355e-04 3.859455173369497061e-04
2.814770268741995096e-04 3.859516582451760769e-04
2.865432179532945156e-04 4.160419921390712261e-04
3.066141507588326931e-04 3.507123619783669710e-04
2.815845946315675974e-04 3.858731361106038094e-04
2.815266489051282406e-04 3.859154239762574434e-04
2.764732344076037407e-04 3.558135358616709709e-04
2.814357285387814045e-04 3.859817225020378828e-04
2.815266489051282406e-04 3.859154239762574434e-04
2.815762418322265148e-04 3.858792188111692667e-04
2.513888757675886154e-04 3.910033847205340862e-04
3.065239579882472754e-04 3.507912042550742626e-04
2.815845946315675974e-04 3.858731361106038094e-04
3.116307780146598816e-04 3.808476030826568604e-04
2.764732344076037407e-04 3.558135358616709709e-04
2.464238204993307590e-04 3.608435508795082569e-04
2.815349726006388664e-04 3.859093412756919861e-04
2.764198288787156343e-04 3.558550670277327299e-04
2.815266489051282406e-04 3.859154239762574434e-04
2.764732344076037407e-04 3.558135358616709709e-04
2.815433253999799490e-04 3.859032585751265287e-04
3.066592616960406303e-04 3.506729262880980968e-04
2.765189856290817261e-04 3.557779709808528423e-04
2.765189856290817261e-04 3.557779709808528423e-04
2.464702120050787926e-04 3.608118859119713306e-04
2.816342166624963284e-04 3.858369309455156326e-04
2.766561810858547688e-04 3.556712472345679998e-04
2.464780409354716539e-04 3.608065308071672916e-04
2.515566302463412285e-04 3.908955259248614311e-04
2.766181714832782745e-04 3.557008167263120413e-04
2.866057038772851229e-04 4.159989475738257170e-04
3.117859305348247290e-04 3.807205939665436745e-04
2.765266690403223038e-04 3.557719755917787552e-04
3.116307780146598816e-04 3.808476030826568604e-04
2.765647368505597115e-04 3.557424061000347137e-04
2.514809602871537209e-04 3.909441875293850899e-04
2.464702120050787926e-04 3.608118859119713306e-04
2.816425694618374109e-04 3.858308191411197186e-04
2.815845946315675974e-04 3.858731361106038094e-04
2.463852288201451302e-04 3.608699189499020576e-04
2.815845946315675974e-04 3.858731361106038094e-04
2.112989604938775301e-04 3.357913810759782791e-04
2.164227335015311837e-04 3.658535133581608534e-04
2.766027755569666624e-04 3.557128366082906723e-04
2.414079062873497605e-04 3.307121223770081997e-04
2.214028208982199430e-04 3.959995228797197342e-04
2.766181714832782745e-04 3.557008167263120413e-04
2.465088036842644215e-04 3.607855178415775299e-04
2.816258347593247890e-04 3.858430136460810900e-04
2.414504415355622768e-04 3.306810976937413216e-04
2.414504415355622768e-04 3.306810976937413216e-04
2.817417844198644161e-04 3.857583797071129084e-04
2.215046843048185110e-04 3.959425957873463631e-04
2.464316203258931637e-04 3.608382248785346746e-04
2.715860609896481037e-04 3.255721821915358305e-04
2.515481610316783190e-04 3.909009392373263836e-04
2.465244324412196875e-04 3.607748076319694519e-04
2.465629950165748596e-04 3.607484395615756512e-04
2.465166035108268261e-04 3.607801627367734909e-04
2.715860609896481037e-04 3.255721821915358305e-04
2.465551660861819983e-04 3.607538237702101469e-04
2.715371083468198776e-04 3.256129566580057144e-04
2.465708239469677210e-04 3.607431426644325256e-04
2.113493974320590496e-04 3.357596579007804394e-04
2.414504415355622768e-04 3.306810976937413216e-04
2.766639227047562599e-04 3.556652809493243694e-04
2.415707858745008707e-04 3.305931459181010723e-04
2.113998634740710258e-04 3.357279056217521429e-04
2.465244324412196875e-04 3.607748076319694519e-04
2.114788803737610579e-04 3.356781089678406715e-04
2.414929622318595648e-04 3.306500439066439867e-04
2.466171863488852978e-04 3.607114194892346859e-04
2.113925584126263857e-04 3.357324749231338501e-04
2.465629950165748596e-04 3.607484395615756512e-04
2.113925584126263857e-04 3.357324749231338501e-04
2.466093865223228931e-04 3.607168036978691816e-04
2.716903982218354940e-04 3.254851035308092833e-04
2.414791379123926163e-04 3.306601138319820166e-04
2.114060480380430818e-04 3.357239766046404839e-04
1.763036998454481363e-04 3.106702351942658424e-04
2.465751604177057743e-04 3.607401740737259388e-04
2.114340895786881447e-04 3.357063687872141600e-04
2.467152662575244904e-04 3.606443351600319147e-04
5.037869414081797004e-05 1.153058401541784406e-04
