1.307910382747650146e-01 -2.337947636842727661e-01
6.649230420589447021e-02 -2.460666000843048096e-01
8.566980063915252686e-02 -2.512400746345520020e-01
7.805564999580383301e-02 -2.475031465291976929e-01
8.409130573272705078e-02 -2.486419677734375000e-01
8.254626393318176270e-02 -2.478436827659606934e-01
8.459857106208801270e-02 -2.475796639919281006e-01
8.453888446092605591e-02 -2.475274205207824707e-01
8.516495674848556519e-02 -2.472773045301437378e-01
8.569931238889694214e-02 -2.470844388008117676e-01
8.593055605888366699e-02 -2.470345497131347656e-01
8.628521859645843506e-02 -2.468567192554473877e-01
8.662700653076171875e-02 -2.467557787895202637e-01
8.687038719654083252e-02 -2.466614544391632080e-01
8.736301958560943604e-02 -2.464870214462280273e-01
8.751310408115386963e-02 -2.464459240436553955e-01
8.796256780624389648e-02 -2.462867498397827148e-01
8.842714875936508179e-02 -2.460900396108627319e-01
8.889178931713104248e-02 -2.459615170955657959e-01
8.942234516143798828e-02 -2.457256466150283813e-01
8.981667459011077881e-02 -2.456264793872833252e-01
9.055473655462265015e-02 -2.453286498785018921e-01
9.118099510669708252e-02 -2.450792789459228516e-01
9.179624915122985840e-02 -2.448769509792327881e-01
9.249136596918106079e-02 -2.445949763059616089e-01
9.307865798473358154e-02 -2.443706095218658447e-01
9.369261562824249268e-02 -2.441652417182922363e-01
9.459301084280014038e-02 -2.437821626663208008e-01
9.512399137020111084e-02 -2.436152398586273193e-01
9.606692939996719360e-02 -2.432154566049575806e-01
9.666562080383300781e-02 -2.429450452327728271e-01
9.719775617122650146e-02 -2.427807599306106567e-01
9.824827313423156738e-02 -2.423566728830337524e-01
9.871162474155426025e-02 -2.421572655439376831e-01
9.950293600559234619e-02 -2.418290227651596069e-01
1.002810746431350708e-01 -2.415085732936859131e-01
1.007308661937713623e-01 -2.413502484560012817e-01
1.015754789113998413e-01 -2.409578263759613037e-01
1.021084412932395935e-01 -2.407271564006805420e-01
1.027905642986297607e-01 -2.404536455869674683e-01
1.035822555422782898e-01 -2.400921136140823364e-01
1.039779111742973328e-01 -2.399279773235321045e-01
1.048510819673538208e-01 -2.395587116479873657e-01
1.054789945483207703e-01 -2.392790466547012329e-01
1.060249730944633484e-01 -2.390403598546981812e-01
1.068026497960090637e-01 -2.386847287416458130e-01
1.072116196155548096e-01 -2.385131567716598511e-01
1.078934818506240845e-01 -2.382048964500427246e-01
1.084123477339744568e-01 -2.379461377859115601e-01
1.089166253805160522e-01 -2.377263307571411133e-01
1.095983982086181641e-01 -2.373836040496826172e-01
1.100759282708168030e-01 -2.371785044670104980e-01
1.107313632965087891e-01 -2.368857264518737793e-01
1.113588884472846985e-01 -2.365712225437164307e-01
1.117539256811141968e-01 -2.364058345556259155e-01
1.124362647533416748e-01 -2.360985130071640015e-01
1.128866821527481079e-01 -2.358393669128417969e-01
1.134600117802619934e-01 -2.355870157480239868e-01
1.141419038176536560e-01 -2.352447211742401123e-01
1.144281104207038879e-01 -2.351346611976623535e-01
1.150147467851638794e-01 -2.348406612873077393e-01
1.156151369214057922e-01 -2.345401942729949951e-01
1.158880516886711121e-01 -2.344036698341369629e-01
1.165974512696266174e-01 -2.340481877326965332e-01
1.169930621981620789e-01 -2.338499426841735840e-01
1.175115406513214111e-01 -2.335902452468872070e-01
1.180436089634895325e-01 -2.333236485719680786e-01
1.184119656682014465e-01 -2.331390529870986938e-01
1.191212385892868042e-01 -2.327833920717239380e-01
1.194486692547798157e-01 -2.325853258371353149e-01
1.197899878025054932e-01 -2.324149012565612793e-01
1.203767359256744385e-01 -2.321212440729141235e-01
1.205542460083961487e-01 -2.320325970649719238e-01
1.211409270763397217e-01 -2.317047119140625000e-01
1.216186136007308960e-01 -2.314658612012863159e-01
1.219186335802078247e-01 -2.312811464071273804e-01
1.225324273109436035e-01 -2.309734225273132324e-01
1.227784007787704468e-01 -2.308510690927505493e-01
1.233235895633697510e-01 -2.305426001548767090e-01
1.238420382142066956e-01 -2.302829176187515259e-01
1.240063831210136414e-01 -2.301680147647857666e-01
1.245656013488769531e-01 -2.298874855041503906e-01
1.249478459358215332e-01 -2.296625375747680664e-01
1.252887248992919922e-01 -2.294912636280059814e-01
1.258754134178161621e-01 -2.291633486747741699e-01
1.259160786867141724e-01 -2.291423380374908447e-01
1.265302896499633789e-01 -2.287671566009521484e-01
1.267352402210235596e-01 -2.286652475595474243e-01
1.271306276321411133e-01 -2.284665405750274658e-01
1.275948435068130493e-01 -2.282007634639739990e-01
1.278411298990249634e-01 -2.280790358781814575e-01
1.283452808856964111e-01 -2.277909070253372192e-01
1.286465525627136230e-01 -2.276085019111633301e-01
1.288917958736419678e-01 -2.274507731199264526e-01
1.293151974678039551e-01 -2.272397726774215698e-01
1.295467764139175415e-01 -2.271229475736618042e-01
1.300636082887649536e-01 -2.267921864986419678e-01
1.303518265485763550e-01 -2.266176342964172363e-01
1.305970400571823120e-01 -2.265280187129974365e-01
1.310750246047973633e-01 -2.262215465307235718e-01
1.312660574913024902e-01 -2.261259257793426514e-01
1.316485852003097534e-01 -2.259014248847961426e-01
1.319078356027603149e-01 -2.257375568151473999e-01
1.322075575590133667e-01 -2.255523055791854858e-01
1.326432079076766968e-01 -2.253319621086120605e-01
1.328625231981277466e-01 -2.251562476158142090e-01
1.331501007080078125e-01 -2.249805778264999390e-01
1.335447579622268677e-01 -2.247465252876281738e-01
1.337358057498931885e-01 -2.246509045362472534e-01
1.340370774269104004e-01 -2.244343906641006470e-01
1.343100070953369141e-01 -2.242978215217590332e-01
1.345146894454956055e-01 -2.241612970829010010e-01
1.350184231996536255e-01 -2.238724380731582642e-01
1.350207775831222534e-01 -2.238766252994537354e-01
1.354817450046539307e-01 -2.236050516366958618e-01
1.358253359794616699e-01 -2.234045118093490601e-01
1.359351128339767456e-01 -2.233168780803680420e-01
1.362620145082473755e-01 -2.231177985668182373e-01
1.363854855298995972e-01 -2.230574786663055420e-01
1.366707384586334229e-01 -2.228777259588241577e-01
1.370268613100051880e-01 -2.226342707872390747e-01
1.371100842952728271e-01 -2.225956618785858154e-01
1.375993639230728149e-01 -2.223122417926788330e-01
1.378019750118255615e-01 -2.221379727125167847e-01
1.380052864551544189e-01 -2.220672219991683960e-01
1.383499056100845337e-01 -2.218343764543533325e-01
1.384324729442596436e-01 -2.217605113983154297e-01
1.387736499309539795e-01 -2.215557396411895752e-01
1.389934718608856201e-01 -2.214490771293640137e-01
1.390746086835861206e-01 -2.213727235794067383e-01
1.395090818405151367e-01 -2.211162596940994263e-01
1.395257264375686646e-01 -2.210805267095565796e-01
1.398782730102539062e-01 -2.208649665117263794e-01
1.401246786117553711e-01 -2.207093089818954468e-01
1.401792615652084351e-01 -2.206820100545883179e-01
1.405855119228363037e-01 -2.204034775495529175e-01
1.405902504920959473e-01 -2.204117029905319214e-01
1.408624053001403809e-01 -2.202396988868713379e-01
1.410840302705764771e-01 -2.200678586959838867e-01
1.411899477243423462e-01 -2.200076580047607422e-01
1.415038257837295532e-01 -2.198165357112884521e-01
1.416659355163574219e-01 -2.197317481040954590e-01
1.419277489185333252e-01 -2.195381373167037964e-01
1.422254294157028198e-01 -2.193494737148284912e-01
1.422271430492401123e-01 -2.193524092435836792e-01
1.425700634717941284e-01 -2.191506326198577881e-01
1.427074074745178223e-01 -2.190497517585754395e-01
1.428284943103790283e-01 -2.189512252807617188e-01
1.431424021720886230e-01 -2.187601178884506226e-01
1.431551575660705566e-01 -2.187517881393432617e-01
1.433999240398406982e-01 -2.185932695865631104e-01
1.435791254043579102e-01 -2.184734940528869629e-01
1.436764895915985107e-01 -2.183946967124938965e-01
1.439668089151382446e-01 -2.182235866785049438e-01
1.441259533166885376e-01 -2.180996984243392944e-01
1.443452686071395874e-01 -2.179579883813858032e-01
1.443725675344467163e-01 -2.179443538188934326e-01
1.445627212524414062e-01 -2.178131043910980225e-01
1.448366343975067139e-01 -2.176441103219985962e-01
1.448375880718231201e-01 -2.176116257905960083e-01
1.450832784175872803e-01 -2.174888253211975098e-01
1.451515257358551025e-01 -2.174205780029296875e-01
1.453143358230590820e-01 -2.173029333353042603e-01
1.455756425857543945e-01 -2.171425223350524902e-01
1.455893218517303467e-01 -2.171015888452529907e-01
1.457803845405578613e-01 -2.170060873031616211e-01
1.459578424692153931e-01 -2.168832421302795410e-01
1.461100131273269653e-01 -2.167774736881256104e-01
1.463946253061294556e-01 -2.165967077016830444e-01
1.463557332754135132e-01 -2.165864706039428711e-01
1.465867459774017334e-01 -2.164688110351562500e-01
1.467222571372985840e-01 -2.163647413253784180e-01
1.468041241168975830e-01 -2.163238227367401123e-01
1.470204293727874756e-01 -2.161429226398468018e-01
1.471443325281143188e-01 -2.160832583904266357e-01
1.473228335380554199e-01 -2.159281075000762939e-01
1.474058032035827637e-01 -2.158548235893249512e-01
1.474173218011856079e-01 -2.158785760402679443e-01
1.476913690567016602e-01 -2.157098203897476196e-01
1.478267908096313477e-01 -2.156056612730026245e-01
1.478688120841979980e-01 -2.155870199203491211e-01
1.481292545795440674e-01 -2.153909653425216675e-01
1.481669396162033081e-01 -2.153650373220443726e-01
1.483089029788970947e-01 -2.152718305587768555e-01
1.484443396329879761e-01 -2.151676714420318604e-01
1.485513150691986084e-01 -2.151094377040863037e-01
1.486763954162597656e-01 -2.150176316499710083e-01
1.487048268318176270e-01 -2.149717211723327637e-01
1.488708555698394775e-01 -2.148936241865158081e-01
1.489368975162506104e-01 -2.148216664791107178e-01
1.491041183471679688e-01 -2.147113233804702759e-01
1.493066251277923584e-01 -2.145711928606033325e-01
1.493339091539382935e-01 -2.145575582981109619e-01
1.494886875152587891e-01 -2.144560366868972778e-01
1.494739055633544922e-01 -2.144609242677688599e-01
1.497036814689636230e-01 -2.143071442842483521e-01
1.497969478368759155e-01 -2.142214328050613403e-01
1.498390734195709229e-01 -2.142028957605361938e-01
1.500859558582305908e-01 -2.140479981899261475e-01
1.499892473220825195e-01 -2.140937745571136475e-01
1.501518934965133667e-01 -2.139759063720703125e-01
1.501987129449844360e-01 -2.139651626348495483e-01
1.502545326948165894e-01 -2.139057070016860962e-01
1.505228728055953979e-01 -2.136933505535125732e-01
1.504545956850051880e-01 -2.137615531682968140e-01
1.506730467081069946e-01 -2.135842293500900269e-01
1.507971286773681641e-01 -2.135248333215713501e-01
1.507822573184967041e-01 -2.135296911001205444e-01
1.509224176406860352e-01 -2.134333401918411255e-01
1.509075760841369629e-01 -2.134381383657455444e-01
1.511359810829162598e-01 -2.133162915706634521e-01
1.512476801872253418e-01 -2.131974846124649048e-01
1.512042880058288574e-01 -2.132480889558792114e-01
1.513320207595825195e-01 -2.131606042385101318e-01
1.514437943696975708e-01 -2.130418419837951660e-01
1.514127254486083984e-01 -2.130835801362991333e-01
1.515654176473617554e-01 -2.129785269498825073e-01
1.515778154134750366e-01 -2.129696905612945557e-01
1.517031788825988770e-01 -2.128783166408538818e-01
1.519017666578292847e-01 -2.127658873796463013e-01
1.518236100673675537e-01 -2.127787768840789795e-01
1.520309150218963623e-01 -2.126465439796447754e-01
1.520420610904693604e-01 -2.126697450876235962e-01
1.521662026643753052e-01 -2.125422209501266479e-01
1.522221267223358154e-01 -2.124828994274139404e-01
1.521513313055038452e-01 -2.125469744205474854e-01
1.523450314998626709e-01 -2.123874574899673462e-01
1.524393558502197266e-01 -2.123376578092575073e-01
1.523846983909606934e-01 -2.123649418354034424e-01
1.525473147630691528e-01 -2.122469693422317505e-01
1.525647938251495361e-01 -2.122463732957839966e-01
1.527572870254516602e-01 -2.121189534664154053e-01
1.527248322963714600e-01 -2.121242433786392212e-01
1.528561860322952271e-01 -2.120476961135864258e-01
1.529992073774337769e-01 -2.119559049606323242e-01
1.528775990009307861e-01 -2.120193541049957275e-01
1.529893875122070312e-01 -2.119690626859664917e-01
1.530128866434097290e-01 -2.119149863719940186e-01
1.531533002853393555e-01 -2.118190824985504150e-01
1.532807499170303345e-01 -2.117019742727279663e-01
1.531383693218231201e-01 -2.118237465620040894e-01
1.532886028289794922e-01 -2.117146849632263184e-01
1.533256322145462036e-01 -2.116878926753997803e-01
1.533581465482711792e-01 -2.116827666759490967e-01
1.534661203622817993e-01 -2.115920037031173706e-01
1.534141302108764648e-01 -2.116235345602035522e-01
1.536163389682769775e-01 -2.114829272031784058e-01
1.535714268684387207e-01 -2.114969640970230103e-01
1.536462903022766113e-01 -2.114736288785934448e-01
1.537639200687408447e-01 -2.113695591688156128e-01
1.537418961524963379e-01 -2.113918215036392212e-01
1.539344489574432373e-01 -2.112644910812377930e-01
1.537856161594390869e-01 -2.113415300846099854e-01
1.540286839008331299e-01 -2.112146615982055664e-01
1.539440900087356567e-01 -2.112511694431304932e-01
1.540013700723648071e-01 -2.112282812595367432e-01
1.541120111942291260e-01 -2.111418247222900391e-01
1.539481431245803833e-01 -2.112235426902770996e-01
1.542745232582092285e-01 -2.110238224267959595e-01
1.542418599128723145e-01 -2.110286951065063477e-01
1.542199105024337769e-01 -2.110510617494583130e-01
1.544247716665267944e-01 -2.109147608280181885e-01
1.543168723583221436e-01 -2.110055387020111084e-01
1.544684618711471558e-01 -2.108646184206008911e-01
1.543988585472106934e-01 -2.108964323997497559e-01
1.544138491153717041e-01 -2.108918577432632446e-01
1.546337604522705078e-01 -2.107509672641754150e-01
1.544862091541290283e-01 -2.108643949031829834e-01
1.545913964509963989e-01 -2.107692211866378784e-01
1.546242237091064453e-01 -2.107643932104110718e-01
1.546637862920761108e-01 -2.107417881488800049e-01
1.547321081161499023e-01 -2.106736451387405396e-01
1.546337604522705078e-01 -2.107509672641754150e-01
1.548140496015548706e-01 -2.106328010559082031e-01
1.548578739166259766e-01 -2.105826437473297119e-01
1.548974514007568359e-01 -2.105600237846374512e-01
1.550038903951644897e-01 -2.105011343955993652e-01
1.548823714256286621e-01 -2.105646431446075439e-01
1.549397408962249756e-01 -2.105418592691421509e-01
1.550175845623016357e-01 -2.104602158069610596e-01
1.549765765666961670e-01 -2.105147540569305420e-01
1.550914943218231201e-01 -2.104009687900543213e-01
1.550872772932052612e-01 -2.104284018278121948e-01
1.551499962806701660e-01 -2.103513032197952271e-01
1.552634686231613159e-01 -2.102694213390350342e-01
1.552540063858032227e-01 -2.102829664945602417e-01
1.553647369146347046e-01 -2.101966291666030884e-01
1.552690863609313965e-01 -2.102783918380737305e-01
1.552718579769134521e-01 -2.102829217910766602e-01
1.553798317909240723e-01 -2.101920545101165771e-01
1.553675383329391479e-01 -2.102011740207672119e-01
1.553251147270202637e-01 -2.102193534374237061e-01
1.554315984249114990e-01 -2.101603746414184570e-01
1.555545628070831299e-01 -2.100650072097778320e-01
1.556351929903030396e-01 -2.099877446889877319e-01
1.555272489786148071e-01 -2.100786119699478149e-01
1.556257009506225586e-01 -2.100014239549636841e-01
1.556106805801391602e-01 -2.100059092044830322e-01
1.556681245565414429e-01 -2.099832445383071899e-01
1.557732522487640381e-01 -2.098878026008605957e-01
1.556314080953598022e-01 -2.100104689598083496e-01
1.558523029088973999e-01 -2.098424583673477173e-01
1.558457314968109131e-01 -2.098606824874877930e-01
1.557622849941253662e-01 -2.099333852529525757e-01
1.559248566627502441e-01 -2.098152637481689453e-01
1.557845473289489746e-01 -2.099061310291290283e-01
1.559168994426727295e-01 -2.097971141338348389e-01
1.559702157974243164e-01 -2.097334563732147217e-01
1.558471322059631348e-01 -2.098288685083389282e-01
1.560204923152923584e-01 -2.097334861755371094e-01
1.559319198131561279e-01 -2.097926586866378784e-01
1.560765504837036133e-01 -2.096744924783706665e-01
1.561707854270935059e-01 -2.096245139837265015e-01
1.560125648975372314e-01 -2.097153961658477783e-01
1.563225984573364258e-01 -2.094836980104446411e-01
1.560700535774230957e-01 -2.096928060054779053e-01
1.562419831752777100e-01 -2.095610052347183228e-01
1.563117504119873047e-01 -2.095292806625366211e-01
1.561930477619171143e-01 -2.095974832773208618e-01
1.563010215759277344e-01 -2.095066010951995850e-01
1.561657190322875977e-01 -2.096110880374908447e-01
1.563922762870788574e-01 -2.094520479440689087e-01
1.563678234815597534e-01 -2.094703018665313721e-01
1.561808735132217407e-01 -2.096065580844879150e-01
1.563434749841690063e-01 -2.094884663820266724e-01
1.562887281179428101e-01 -2.095157504081726074e-01
1.563966870307922363e-01 -2.094248682260513306e-01
1.564864069223403931e-01 -2.094021290540695190e-01
1.563131809234619141e-01 -2.094975113868713379e-01
1.565470099449157715e-01 -2.093159407377243042e-01
1.564663797616958618e-01 -2.093932330608367920e-01
1.565074175596237183e-01 -2.093387097120285034e-01
1.564982533454895020e-01 -2.093523889780044556e-01
1.564936935901641846e-01 -2.093796283006668091e-01
1.566700041294097900e-01 -2.092206180095672607e-01
1.565045416355133057e-01 -2.093340307474136353e-01
1.565591692924499512e-01 -2.093068212270736694e-01
1.566318571567535400e-01 -2.092798203229904175e-01
1.565527617931365967e-01 -2.093252837657928467e-01
1.566821634769439697e-01 -2.092114984989166260e-01
1.565757691860198975e-01 -2.092705965042114258e-01
1.567094773054122925e-01 -2.091978937387466431e-01
1.567505151033401489e-01 -2.091433703899383545e-01
1.565649211406707764e-01 -2.093161791563034058e-01
1.568353772163391113e-01 -2.091072648763656616e-01
1.566195785999298096e-01 -2.092889845371246338e-01
1.567670106887817383e-01 -2.091753780841827393e-01
1.567837595939636230e-01 -2.091390937566757202e-01
1.566363126039505005e-01 -2.092526853084564209e-01
1.569248735904693604e-01 -2.090440392494201660e-01
1.567320078611373901e-01 -2.091709822416305542e-01
1.568110883235931396e-01 -2.091254889965057373e-01
1.568852812051773071e-01 -2.090668231248855591e-01
1.568427681922912598e-01 -2.090848982334136963e-01
1.570464372634887695e-01 -2.089122831821441650e-01
1.567988097667694092e-01 -2.091346830129623413e-01
1.568427681922912598e-01 -2.090848982334136963e-01
1.569386124610900879e-01 -2.090031206607818604e-01
1.568974256515502930e-01 -2.090577185153961182e-01
1.570311188697814941e-01 -2.089850008487701416e-01
1.569111496210098267e-01 -2.090167999267578125e-01
1.570356488227844238e-01 -2.089579403400421143e-01
1.570629626512527466e-01 -2.089443504810333252e-01
1.569549888372421265e-01 -2.090352475643157959e-01
1.570356488227844238e-01 -2.089579403400421143e-01
1.569945812225341797e-01 -2.090124636888504028e-01
1.571830660104751587e-01 -2.088443040847778320e-01
1.570737659931182861e-01 -2.088986933231353760e-01
1.570599228143692017e-01 -2.089397162199020386e-01
1.571724116802215576e-01 -2.088217586278915405e-01
1.571434736251831055e-01 -2.088671326637268066e-01
1.571221649646759033e-01 -2.088901400566101074e-01
1.570704281330108643e-01 -2.089220583438873291e-01
1.570552289485931396e-01 -2.089265286922454834e-01
1.572529077529907227e-01 -2.088126689195632935e-01
1.570796221494674683e-01 -2.089082002639770508e-01
1.572162657976150513e-01 -2.088402509689331055e-01
1.572254449129104614e-01 -2.088263481855392456e-01
1.571494936943054199e-01 -2.088765501976013184e-01
1.572862863540649414e-01 -2.087403833866119385e-01
1.571645438671112061e-01 -2.088721841573715210e-01
1.573257148265838623e-01 -2.087176591157913208e-01
1.572862863540649414e-01 -2.087403833866119385e-01
1.571797579526901245e-01 -2.088677287101745605e-01
1.572998762130737305e-01 -2.087677121162414551e-01
1.571632325649261475e-01 -2.088356465101242065e-01
1.573409438133239746e-01 -2.087132036685943604e-01
1.572421193122863770e-01 -2.087902128696441650e-01
1.572602838277816772e-01 -2.087905257940292358e-01
1.573864370584487915e-01 -2.086999714374542236e-01
1.572375297546386719e-01 -2.087771296501159668e-01
1.572754830121994019e-01 -2.087860703468322754e-01
1.572589576244354248e-01 -2.087539732456207275e-01
1.573985517024993896e-01 -2.086908221244812012e-01
1.575186550617218018e-01 -2.085907906293869019e-01
1.573028117418289185e-01 -2.087724953889846802e-01
1.573894023895263672e-01 -2.087047696113586426e-01
1.573712229728698730e-01 -2.087044119834899902e-01
1.574926525354385376e-01 -2.086409479379653931e-01
1.575080305337905884e-01 -2.085682600736618042e-01
1.573332697153091431e-01 -2.086954712867736816e-01
1.575095057487487793e-01 -2.086047381162643433e-01
1.575095057487487793e-01 -2.086047381162643433e-01
1.574835032224655151e-01 -2.086549103260040283e-01
1.575368344783782959e-01 -2.085911631584167480e-01
1.574682593345642090e-01 -2.086593359708786011e-01
1.576173454523086548e-01 -2.085139304399490356e-01
1.574851572513580322e-01 -2.086231261491775513e-01
1.575275510549545288e-01 -2.086052298545837402e-01
1.575900167226791382e-01 -2.085275053977966309e-01
1.574029922485351562e-01 -2.086639702320098877e-01
1.575519144535064697e-01 -2.085868418216705322e-01
1.575505882501602173e-01 -2.085502445697784424e-01
1.575686335563659668e-01 -2.085507512092590332e-01
1.575946509838104248e-01 -2.085005640983581543e-01
1.574593037366867065e-01 -2.086050659418106079e-01
1.576385349035263062e-01 -2.085191756486892700e-01
1.575717628002166748e-01 -2.085554450750350952e-01
1.575929671525955200e-01 -2.085606753826141357e-01
1.576797813177108765e-01 -2.084645479917526245e-01
1.575275510549545288e-01 -2.086052298545837402e-01
1.577616333961486816e-01 -2.084239572286605835e-01
1.576993316411972046e-01 -2.084731757640838623e-01
1.576536148786544800e-01 -2.085148543119430542e-01
1.577359586954116821e-01 -2.084057629108428955e-01
1.575823873281478882e-01 -2.085098326206207275e-01
1.578010469675064087e-01 -2.084012180566787720e-01
1.575838625431060791e-01 -2.085463255643844604e-01
1.577190458774566650e-01 -2.084419578313827515e-01
1.578833758831024170e-01 -2.082921266555786133e-01
1.576933860778808594e-01 -2.084237784147262573e-01
1.578452885150909424e-01 -2.083514779806137085e-01
1.576948612928390503e-01 -2.084602415561676025e-01
1.577737182378768921e-01 -2.084147930145263672e-01
1.578317284584045410e-01 -2.083241492509841919e-01
1.577311456203460693e-01 -2.084327936172485352e-01
1.579137146472930908e-01 -2.082834243774414062e-01
1.578573882579803467e-01 -2.083423286676406860e-01
1.578421443700790405e-01 -2.083467394113540649e-01
1.577646136283874512e-01 -2.084288001060485840e-01
1.576673686504364014e-01 -2.084739357233047485e-01
1.579197347164154053e-01 -2.082931548357009888e-01
1.578482985496520996e-01 -2.083563357591629028e-01
1.578057110309600830e-01 -2.083743214607238770e-01
1.579031646251678467e-01 -2.082609534263610840e-01
1.577904671430587769e-01 -2.083787471055984497e-01
1.579274833202362061e-01 -2.082425057888031006e-01
1.577815562486648560e-01 -2.083926200866699219e-01
1.578407287597656250e-01 -2.083387374877929688e-01
1.580094844102859497e-01 -2.082017809152603149e-01
1.577813923358917236e-01 -2.083927690982818604e-01
1.579834818840026855e-01 -2.082519829273223877e-01
1.579135656356811523e-01 -2.082835435867309570e-01
1.579045057296752930e-01 -2.082975804805755615e-01
1.579851657152175903e-01 -2.082202434539794922e-01
1.576902717351913452e-01 -2.084474563598632812e-01
1.580396741628646851e-01 -2.081932425498962402e-01
1.580017507076263428e-01 -2.082524597644805908e-01
1.579244583845138550e-01 -2.082663029432296753e-01
1.579638719558715820e-01 -2.082435786724090576e-01
1.579165607690811157e-01 -2.082884162664413452e-01
1.581113040447235107e-01 -2.081299424171447754e-01
1.579608470201492310e-01 -2.082386761903762817e-01
1.578801572322845459e-01 -2.083160281181335449e-01
1.580034643411636353e-01 -2.082207202911376953e-01
1.578560024499893188e-01 -2.083343267440795898e-01
1.580749303102493286e-01 -2.081575840711593628e-01
1.579470783472061157e-01 -2.082795947790145874e-01
1.579365283250808716e-01 -2.082571536302566528e-01
1.580064743757247925e-01 -2.082256227731704712e-01
1.578939259052276611e-01 -2.082751244306564331e-01
1.580049693584442139e-01 -2.081891149282455444e-01
1.579227447509765625e-01 -2.082980424165725708e-01
1.579789519309997559e-01 -2.082393318414688110e-01
1.580749303102493286e-01 -2.081575840711593628e-01
1.578954160213470459e-01 -2.083116024732589722e-01
1.581326276063919067e-01 -2.081353664398193359e-01
1.580488979816436768e-01 -2.082077860832214355e-01
1.579668670892715454e-01 -2.082484662532806396e-01
1.580505967140197754e-01 -2.081760317087173462e-01
1.579395234584808350e-01 -2.082620263099670410e-01
1.582163870334625244e-01 -2.080629467964172363e-01
1.580869853496551514e-01 -2.081484198570251465e-01
1.580094844102859497e-01 -2.082304954528808594e-01
1.581842899322509766e-01 -2.081033438444137573e-01
1.578984111547470093e-01 -2.083165049552917480e-01
1.581326276063919067e-01 -2.081353664398193359e-01
1.579425334930419922e-01 -2.082669287919998169e-01
1.580124944448471069e-01 -2.082354128360748291e-01
1.581190675497055054e-01 -2.081080079078674316e-01
1.580641567707061768e-01 -2.082033753395080566e-01
1.581632345914840698e-01 -2.080584913492202759e-01
1.612129509449005127e-01 -2.057255655527114868e-01
1.637444496154785156e-01 -2.037549614906311035e-01
1.638715863227844238e-01 -2.035970091819763184e-01
1.638869345188140869e-01 -2.035931050777435303e-01
1.638660281896591187e-01 -2.036228179931640625e-01
1.641159057617187500e-01 -2.034381628036499023e-01
1.637499630451202393e-01 -2.037291079759597778e-01
1.637702286243438721e-01 -2.037044018507003784e-01
1.637381762266159058e-01 -2.037386000156402588e-01
1.636097133159637451e-01 -2.037913054227828979e-01
1.634589731693267822e-01 -2.039682269096374512e-01
1.629424840211868286e-01 -2.043677866458892822e-01
1.629902273416519165e-01 -2.043296992778778076e-01
1.622339934110641479e-01 -2.049361765384674072e-01
1.610231846570968628e-01 -2.058571130037307739e-01
1.597061753273010254e-01 -2.069121301174163818e-01
1.580656915903091431e-01 -2.081717997789382935e-01
1.561834365129470825e-01 -2.095941752195358276e-01
1.543756425380706787e-01 -2.109299600124359131e-01
1.540185809135437012e-01 -2.112062126398086548e-01
1.535397171974182129e-01 -2.115457803010940552e-01
1.536655128002166748e-01 -2.114550769329071045e-01
1.538037955760955811e-01 -2.113553136587142944e-01
1.538967639207839966e-01 -2.112694978713989258e-01
1.544276177883148193e-01 -2.108983695507049561e-01
1.546206027269363403e-01 -2.107715308666229248e-01
1.548177152872085571e-01 -2.106174826622009277e-01
1.552883237600326538e-01 -2.102642655372619629e-01
1.553593724966049194e-01 -2.102010250091552734e-01
1.556921601295471191e-01 -2.099428623914718628e-01
1.558291018009185791e-01 -2.098749577999114990e-01
1.557590067386627197e-01 -2.099067270755767822e-01
1.560478955507278442e-01 -2.096984833478927612e-01
1.560724079608917236e-01 -2.096802294254302979e-01
1.561408936977386475e-01 -2.096122354269027710e-01
1.560298651456832886e-01 -2.096983045339584351e-01
1.559794098138809204e-01 -2.097664773464202881e-01
1.561879515647888184e-01 -2.095670253038406372e-01
1.558852195739746094e-01 -2.098161429166793823e-01
1.558852195739746094e-01 -2.098161429166793823e-01
1.558730751276016235e-01 -2.098251730203628540e-01
1.558015346527099609e-01 -2.098886668682098389e-01
1.558990329504013062e-01 -2.097752392292022705e-01
1.555869579315185547e-01 -2.100380361080169678e-01
1.557800471782684326e-01 -2.099113464355468750e-01
1.557468473911285400e-01 -2.099157571792602539e-01
1.555306166410446167e-01 -2.100970298051834106e-01
1.557225286960601807e-01 -2.099337875843048096e-01
1.555991172790527344e-01 -2.100290358066558838e-01
1.556266844272613525e-01 -2.100153267383575439e-01
1.555172950029373169e-01 -2.100695073604583740e-01
1.553449928760528564e-01 -2.102009057998657227e-01
1.556066125631332397e-01 -2.100062668323516846e-01
1.554911136627197266e-01 -2.101195603609085083e-01
1.554336249828338623e-01 -2.101420462131500244e-01
1.554761528968811035e-01 -2.101239413022994995e-01
1.553270220756530762e-01 -2.102008312940597534e-01
1.555993407964706421e-01 -2.100288718938827515e-01
1.554347872734069824e-01 -2.101785838603973389e-01
1.555458009243011475e-01 -2.100924700498580933e-01
1.555609852075576782e-01 -2.100879400968551636e-01
1.554759144783020020e-01 -2.101241201162338257e-01
1.555640548467636108e-01 -2.100243419408798218e-01
1.554364114999771118e-01 -2.101466506719589233e-01
1.555624008178710938e-01 -2.100562155246734619e-01
1.556323021650314331e-01 -2.100246250629425049e-01
1.554436385631561279e-01 -2.101240158081054688e-01
1.556734591722488403e-01 -2.099701911211013794e-01
1.555228978395462036e-01 -2.100787907838821411e-01
1.557769924402236938e-01 -2.099068611860275269e-01
1.556432992219924927e-01 -2.099790722131729126e-01
1.555256843566894531e-01 -2.100834101438522339e-01
1.557856798171997070e-01 -2.099207043647766113e-01
1.556309163570404053e-01 -2.099882513284683228e-01
1.557008028030395508e-01 -2.099566459655761719e-01
1.557693183422088623e-01 -2.098886817693710327e-01
1.557676643133163452e-01 -2.099205404520034790e-01
1.559212803840637207e-01 -2.098164558410644531e-01
1.558361649513244629e-01 -2.098525613546371460e-01
1.559455692768096924e-01 -2.097983956336975098e-01
1.559472382068634033e-01 -2.097665667533874512e-01
1.558541953563690186e-01 -2.098527252674102783e-01
1.560977995395660400e-01 -2.096579670906066895e-01
1.559362560510635376e-01 -2.098121196031570435e-01
1.559669822454452515e-01 -2.097348570823669434e-01
1.560064554214477539e-01 -2.097122967243194580e-01
1.559348702430725098e-01 -2.097757458686828613e-01
1.561570465564727783e-01 -2.096037417650222778e-01
1.560047715902328491e-01 -2.097441703081130981e-01
1.561663150787353516e-01 -2.095900028944015503e-01
1.562621742486953735e-01 -2.095084786415100098e-01
1.562298387289047241e-01 -2.095768898725509644e-01
1.563640236854553223e-01 -2.094362676143646240e-01
1.562633514404296875e-01 -2.095450460910797119e-01
1.563651859760284424e-01 -2.094728350639343262e-01
1.563243120908737183e-01 -2.094590216875076294e-01
1.563499569892883301e-01 -2.094773352146148682e-01
1.565267443656921387e-01 -2.093186527490615845e-01
1.564156115055084229e-01 -2.094046175479888916e-01
1.565797328948974609e-01 -2.093234062194824219e-01
1.564489752054214478e-01 -2.094004005193710327e-01
1.563528329133987427e-01 -2.094820737838745117e-01
1.565814465284347534e-01 -2.092915773391723633e-01
1.564063727855682373e-01 -2.094184160232543945e-01
1.566255092620849609e-01 -2.092419266700744629e-01
1.567441225051879883e-01 -2.091739475727081299e-01
1.566330194473266602e-01 -2.092599272727966309e-01
1.567458510398864746e-01 -2.091421335935592651e-01
1.566347181797027588e-01 -2.092280834913253784e-01
1.567472815513610840e-01 -2.091785520315170288e-01
1.567349135875701904e-01 -2.091878056526184082e-01
1.566557586193084717e-01 -2.092331796884536743e-01
1.568628251552581787e-01 -2.090657949447631836e-01
1.566707491874694824e-01 -2.092289179563522339e-01
1.568884402513504028e-01 -2.090840637683868408e-01
1.567851006984710693e-01 -2.091476023197174072e-01
1.566998362541198730e-01 -2.091835588216781616e-01
1.569066196680068970e-01 -2.090844362974166870e-01
1.567833572626113892e-01 -2.091794162988662720e-01
1.569996029138565063e-01 -2.089981585741043091e-01
1.569175422191619873e-01 -2.090387344360351562e-01
1.568931043148040771e-01 -2.090570777654647827e-01
1.570269614458084106e-01 -2.089846283197402954e-01
1.569843292236328125e-01 -2.090025991201400757e-01
1.570984423160552979e-01 -2.089215219020843506e-01
1.569601744413375854e-01 -2.090207487344741821e-01
1.571075916290283203e-01 -2.089076042175292969e-01
1.571761369705200195e-01 -2.088396549224853516e-01
1.570298820734024048e-01 -2.089894562959671021e-01
1.571275591850280762e-01 -2.088762074708938599e-01
1.570192873477935791e-01 -2.089669257402420044e-01
1.571349352598190308e-01 -2.088940739631652832e-01
1.572081893682479858e-01 -2.087991833686828613e-01
1.570057719945907593e-01 -2.089395672082901001e-01
1.572461128234863281e-01 -2.088081687688827515e-01
1.571549177169799805e-01 -2.088626772165298462e-01
1.572458446025848389e-01 -2.088083773851394653e-01
1.572884917259216309e-01 -2.087904065847396851e-01
1.571925878524780273e-01 -2.088718563318252563e-01
1.573617756366729736e-01 -2.086955606937408447e-01
1.572264432907104492e-01 -2.087996006011962891e-01
1.573052704334259033e-01 -2.087543904781341553e-01
1.573723405599594116e-01 -2.087180465459823608e-01
1.572611331939697266e-01 -2.088039219379425049e-01
1.574956029653549194e-01 -2.086230665445327759e-01
1.573176234960556030e-01 -2.087450921535491943e-01
1.572687923908233643e-01 -2.087818682193756104e-01
1.573891341686248779e-01 -2.086820453405380249e-01
1.572414338588714600e-01 -2.087953835725784302e-01
1.574303209781646729e-01 -2.086276412010192871e-01
1.573373526334762573e-01 -2.087139487266540527e-01
1.574923694133758545e-01 -2.086184024810791016e-01
1.575368046760559082e-01 -2.085686624050140381e-01
1.572961509227752686e-01 -2.087683528661727905e-01
1.575153768062591553e-01 -2.085919678211212158e-01
1.574438512325286865e-01 -2.086549997329711914e-01
1.574285477399826050e-01 -2.086594104766845703e-01
1.575171649456024170e-01 -2.085601985454559326e-01
1.574194431304931641e-01 -2.086734026670455933e-01
1.576660275459289551e-01 -2.084835022687911987e-01
1.574621200561523438e-01 -2.086554616689682007e-01
1.573800295591354370e-01 -2.086960077285766602e-01
1.575142145156860352e-01 -2.085552960634231567e-01
1.574059277772903442e-01 -2.086460441350936890e-01
1.575992554426193237e-01 -2.085196524858474731e-01
1.575124114751815796e-01 -2.085870802402496338e-01
1.576843410730361938e-01 -2.084840238094329834e-01
1.578885465860366821e-01 -2.083118557929992676e-01
1.578990817070007324e-01 -2.082662582397460938e-01
1.581183075904846191e-01 -2.080898731946945190e-01
1.581318229436874390e-01 -2.081172317266464233e-01
1.582704633474349976e-01 -2.080179154872894287e-01
1.584484875202178955e-01 -2.078959196805953979e-01
1.582978218793869019e-01 -2.080044001340866089e-01
1.584533900022506714e-01 -2.078692167997360229e-01
1.584623306989669800e-01 -2.078550457954406738e-01
1.583968102931976318e-01 -2.079279720783233643e-01
1.585474908351898193e-01 -2.078195363283157349e-01
1.583620309829711914e-01 -2.079241573810577393e-01
1.584533900022506714e-01 -2.078692167997360229e-01
1.584241688251495361e-01 -2.079144567251205444e-01
1.584380269050598145e-01 -2.078735828399658203e-01
1.584017276763916016e-01 -2.079012691974639893e-01
1.583469808101654053e-01 -2.079282850027084351e-01
1.584564447402954102e-01 -2.078742533922195435e-01
1.583057641983032227e-01 -2.079826593399047852e-01
1.582236588001251221e-01 -2.080231755971908569e-01
1.584500372409820557e-01 -2.078644335269927979e-01
1.582218110561370850e-01 -2.080549150705337524e-01
1.583743542432785034e-01 -2.079147696495056152e-01
1.584290862083435059e-01 -2.078877538442611694e-01
1.583420932292938232e-01 -2.079550027847290039e-01
1.584927588701248169e-01 -2.078465521335601807e-01
1.583555936813354492e-01 -2.079823613166809082e-01
1.583604961633682251e-01 -2.079556435346603394e-01
1.583361774682998657e-01 -2.079741656780242920e-01
1.583743542432785034e-01 -2.079147696495056152e-01
1.584444493055343628e-01 -2.078833878040313721e-01
1.582953035831451416e-01 -2.079603075981140137e-01
1.584991812705993652e-01 -2.078563719987869263e-01
1.585524082183837891e-01 -2.077928483486175537e-01
1.584595143795013428e-01 -2.078792750835418701e-01
1.584441363811492920e-01 -2.078836262226104736e-01
1.583924591541290283e-01 -2.079156637191772461e-01
1.586360633373260498e-01 -2.077208459377288818e-01
1.584232002496719360e-01 -2.079069316387176514e-01
1.583774089813232422e-01 -2.079197913408279419e-01
1.584918051958084106e-01 -2.078390717506408691e-01
1.584078222513198853e-01 -2.079112976789474487e-01
1.585250496864318848e-01 -2.078063488006591797e-01
1.583774089813232422e-01 -2.079197913408279419e-01
1.583257168531417847e-01 -2.079517990350723267e-01
1.585315018892288208e-01 -2.078161686658859253e-01
1.583137214183807373e-01 -2.079609334468841553e-01
1.584201455116271973e-01 -2.079019248485565186e-01
1.584232002496719360e-01 -2.079069316387176514e-01
1.583988815546035767e-01 -2.079254686832427979e-01
1.585142463445663452e-01 -2.078522741794586182e-01
1.582953035831451416e-01 -2.079603075981140137e-01
1.584232002496719360e-01 -2.079069316387176514e-01
1.584853827953338623e-01 -2.078292667865753174e-01
1.582481414079666138e-01 -2.080338150262832642e-01
1.584351956844329834e-01 -2.078977972269058228e-01
1.583410799503326416e-01 -2.079474329948425293e-01
1.584625542163848877e-01 -2.078842967748641968e-01
1.583804488182067871e-01 -2.079247981309890747e-01
1.583441346883773804e-01 -2.079524546861648560e-01
1.584385782480239868e-01 -2.079025804996490479e-01
1.583028882741928101e-01 -2.080068290233612061e-01
1.583868861198425293e-01 -2.079345881938934326e-01
1.583838313817977905e-01 -2.079295814037322998e-01
1.583988815546035767e-01 -2.079254686832427979e-01
1.583958268165588379e-01 -2.079204320907592773e-01
1.581918597221374512e-01 -2.080923020839691162e-01
1.583530902862548828e-01 -2.079382985830307007e-01
1.583257168531417847e-01 -2.079517990350723267e-01
1.582773923873901367e-01 -2.079885601997375488e-01
1.583804488182067871e-01 -2.079247981309890747e-01
1.581795215606689453e-01 -2.081016749143600464e-01
1.582927852869033813e-01 -2.079842239618301392e-01
1.581813991069793701e-01 -2.080699205398559570e-01
1.581127792596817017e-01 -2.081377804279327393e-01
1.583182662725448608e-01 -2.080024331808090210e-01
1.581795215606689453e-01 -2.081016749143600464e-01
1.583610624074935913e-01 -2.079166173934936523e-01
1.581521481275558472e-01 -2.081151753664016724e-01
1.581158190965652466e-01 -2.081428021192550659e-01
1.582665741443634033e-01 -2.080344706773757935e-01
1.581023186445236206e-01 -2.081154286861419678e-01
1.581739783287048340e-01 -2.080525755882263184e-01
1.580868959426879883e-01 -2.081877738237380981e-01
1.582927703857421875e-01 -2.082256972789764404e-01
1.579704284667968750e-01 -2.076731324195861816e-01
1.584383249282836914e-01 -2.093139737844467163e-01
1.573249399662017822e-01 -2.058819979429244995e-01
1.596054285764694214e-01 -2.125087380409240723e-01
1.551932990550994873e-01 -2.003417909145355225e-01
1.792090535163879395e-01 -2.091111391782760620e-01
2.163060605525970459e-01 1.182450354099273682e-02
9.778218809515237808e-04 -1.763330772519111633e-03
5.980383139103651047e-04 -1.406833762302994728e-03
7.888284162618219852e-04 -1.584585057571530342e-03
7.340405136346817017e-04 -1.475495519116520882e-03
6.253000465221703053e-04 -1.256900490261614323e-03
6.392117356881499290e-04 -1.284066005609929562e-03
5.034625064581632614e-04 -1.010734355077147484e-03
3.805783635471016169e-04 -6.969246314838528633e-04
2.995214890688657761e-04 -3.282366669736802578e-04
1.363112532999366522e-04 -6.858374399598687887e-05
3.150028933305293322e-04 3.949318197555840015e-04
2.328118571313098073e-04 2.859721134882420301e-04
-6.844676681794226170e-05 -1.363800838589668274e-04
-2.767323894659057260e-05 -1.500622456660494208e-04
-2.771120853140018880e-05 -1.500552461948245764e-04
-4.122233076486736536e-05 -1.227417960762977600e-04
-4.119132790947332978e-05 -1.227522152476012707e-04
-2.767323894659057260e-05 -1.500622456660494208e-04
-3.083987394347786903e-07 -1.364825729979202151e-04
-5.496263474924489856e-05 -1.636558736208826303e-04
-4.128011642023921013e-05 -1.910039572976529598e-04
-1.391528348904103041e-05 -1.774070551618933678e-04
-2.055894583463668823e-07 -2.047242742264643312e-04
1.329867518506944180e-05 -2.320412604603916407e-04
5.391516970121301711e-05 -2.458189555909484625e-04
4.008247924502938986e-05 -2.867360017262399197e-04
6.755625508958473802e-05 -2.731362183112651110e-04
8.098497346509248018e-05 -3.005077014677226543e-04
9.488043724559247494e-05 -3.277501091361045837e-04
1.765356573741883039e-04 -3.553002898115664721e-04
1.768929068930447102e-04 -3.551225236151367426e-04
2.039021928794682026e-04 -4.098588542547076941e-04
2.859557280316948891e-04 -4.371766990516334772e-04
3.535856958478689194e-04 -5.058767856098711491e-04
4.631288466043770313e-04 -5.194506957195699215e-04
5.040496471337974072e-04 -5.331709398888051510e-04
6.129377288743853569e-04 -6.154061411507427692e-04
7.897039758972823620e-04 -6.302058463916182518e-04
9.679569629952311516e-04 -7.111723534762859344e-04
1.144726295024156570e-03 -8.621445158496499062e-04
1.470397692173719406e-03 -1.110319280996918678e-03
1.851508859544992447e-03 -1.330392435193061829e-03
2.203992335125803947e-03 -1.565848942846059799e-03
2.694627270102500916e-03 -1.935224980115890503e-03
3.252999391406774521e-03 -2.237727865576744080e-03
3.689579432830214500e-03 -2.429635263979434967e-03
4.236511420458555222e-03 -2.701470628380775452e-03
4.792454186826944351e-03 -2.939966507256031036e-03
5.226838402450084686e-03 -3.135445760563015938e-03
5.624339450150728226e-03 -3.310406114906072617e-03
6.075027398765087128e-03 -3.460717853158712387e-03
6.417545489966869354e-03 -3.595198970288038254e-03
6.706657353788614273e-03 -3.686535172164440155e-03
6.989029236137866974e-03 -3.857984440401196480e-03
7.209061179310083389e-03 -3.950637765228748322e-03
7.373702246695756912e-03 -4.003817681223154068e-03
7.628604769706726074e-03 -4.121327307075262070e-03
7.804696448147296906e-03 -4.205784760415554047e-03
7.914881221950054169e-03 -4.217871930450201035e-03
8.028099313378334045e-03 -4.292074590921401978e-03
8.148667402565479279e-03 -4.337393678724765778e-03
8.244024589657783508e-03 -4.392304923385381699e-03
8.352963253855705261e-03 -4.474523477256298065e-03
8.422149345278739929e-03 -4.540838766843080521e-03
8.501667529344558716e-03 -4.572632722556591034e-03
8.571047335863113403e-03 -4.570718854665756226e-03
8.682323619723320007e-03 -4.648573696613311768e-03
8.690031245350837708e-03 -4.686811007559299469e-03
8.695904165506362915e-03 -4.675904288887977600e-03
8.736814372241497040e-03 -4.689655266702175140e-03
8.759221062064170837e-03 -4.753088112920522690e-03
8.833399973809719086e-03 -4.742281511425971985e-03
8.788925595581531525e-03 -4.735154565423727036e-03
8.813887834548950195e-03 -4.726022016257047653e-03
8.808451704680919647e-03 -4.751461558043956757e-03
8.749216794967651367e-03 -4.719169810414314270e-03
8.724245242774486542e-03 -4.728386644273996353e-03
8.756806142628192902e-03 -4.757532849907875061e-03
8.702402934432029724e-03 -4.716325551271438599e-03
8.654822595417499542e-03 -4.730394575744867325e-03
8.596803992986679077e-03 -4.695778712630271912e-03
8.526458404958248138e-03 -4.631601274013519287e-03
8.485564962029457092e-03 -4.617799073457717896e-03
8.395779877901077271e-03 -4.620557650923728943e-03
8.341460488736629486e-03 -4.511234350502490997e-03
8.255126886069774628e-03 -4.492035135626792908e-03
8.107336238026618958e-03 -4.460135009139776230e-03
8.024424314498901367e-03 -4.434593021869659424e-03
7.917691022157669067e-03 -4.348370246589183807e-03
7.751904893666505814e-03 -4.297220148146152496e-03
7.602085825055837631e-03 -4.201193340122699738e-03
7.463767193257808685e-03 -4.136224742978811264e-03
7.327523082494735718e-03 -4.067504778504371643e-03
7.093980908393859863e-03 -3.947366029024124146e-03
6.958776153624057770e-03 -3.876775735989212990e-03
6.755549460649490356e-03 -3.737758379429578781e-03
6.457549519836902618e-03 -3.610580926761031151e-03
6.321512162685394287e-03 -3.473653458058834076e-03
6.091576069593429565e-03 -3.347002435475587845e-03
5.736379884183406830e-03 -3.183674998581409454e-03
5.445719230920076370e-03 -3.027215600013732910e-03
5.267182365059852600e-03 -2.947173081338405609e-03
4.901723004877567291e-03 -2.750546671450138092e-03
4.547857679426670074e-03 -2.517017535865306854e-03
4.305200651288032532e-03 -2.361524850130081177e-03
3.979306202381849289e-03 -2.181051764637231827e-03
3.594798967242240906e-03 -1.967043615877628326e-03
3.350232262164354324e-03 -1.815016847103834152e-03
3.049510065466165543e-03 -1.625045435503125191e-03
2.627177629619836807e-03 -1.391663681715726852e-03
2.355542732402682304e-03 -1.184974680654704571e-03
2.151470165699720383e-03 -1.047519268468022346e-03
1.838802709244191647e-03 -8.272095583379268646e-04
1.593982102349400520e-03 -6.755740032531321049e-04
1.431557117030024529e-03 -5.498884129337966442e-04
1.200089463964104652e-03 -4.258132539689540863e-04
9.821533458307385445e-04 -2.612942480482161045e-04
8.732223650440573692e-04 -1.787437358871102333e-04
7.365596829913556576e-04 -1.792790135368704796e-04
6.275061750784516335e-04 -9.758769010659307241e-05
5.184487672522664070e-04 -8.306147356051951647e-05
4.092067247256636620e-04 -6.967844092287123203e-05
3.412067890167236328e-04 -5.995098035782575607e-07
2.729648258537054062e-04 -7.540511433035135269e-07
2.594184770714491606e-04 2.632029645610600710e-05
1.773823460098356009e-04 -1.422688364982604980e-05
1.638198591535910964e-04 1.315491681452840567e-05
1.091447848011739552e-04 -1.397669620928354561e-05
1.364820782328024507e-04 -4.797257133759558201e-07
1.227004395332187414e-04 -4.134527262067422271e-05
5.444909766083583236e-05 -4.113627801416441798e-05
1.357293058390496299e-05 -2.733413748501334339e-05
-1.380231606162851676e-05 -4.089321373612619936e-05
0.000000000000000000e+00 0.000000000000000000e+00
-4.113651448278687894e-05 -5.444891576189547777e-05
-5.468201925395987928e-05 -2.711816705414094031e-05
-1.094317558454349637e-04 -5.409955338109284639e-05
-1.367556833429262042e-04 -6.769320316379889846e-05
-1.776185963535681367e-04 -5.396919004851952195e-05
-1.776183780748397112e-04 -5.396996857598423958e-05
-2.048949827440083027e-04 -6.772750930394977331e-05
-2.458732633385807276e-04 -5.366689583752304316e-05
-2.867662115022540092e-04 -3.986575029557570815e-05
-3.276659408584237099e-04 -2.598185528768226504e-05
-3.276660572737455368e-04 -2.598021092126145959e-05
-4.229767364449799061e-04 2.910169132519513369e-05
-4.364799824543297291e-04 5.667592631652951241e-05
-4.909511771984398365e-04 9.750903700478374958e-05
-5.725058726966381073e-04 1.932297309394925833e-04
-6.679615471512079239e-04 2.478490932844579220e-04
-6.813836516812443733e-04 2.755293971858918667e-04
-8.034194470383226871e-04 3.859842545352876186e-04
-9.529112139716744423e-04 6.179973715916275978e-04
-9.931698441505432129e-04 6.328013259917497635e-04
-1.156813465058803558e-03 8.235406130552291870e-04
-1.388666220009326935e-03 1.150644384324550629e-03
-1.455527963116765022e-03 1.288427272811532021e-03
-1.511109061539173126e-03 1.396305509842932224e-03
-1.822703285142779350e-03 1.889433944597840309e-03
-1.999416155740618706e-03 2.108385786414146423e-03
-1.974211074411869049e-03 2.119957236573100090e-03
-2.340174047276377678e-03 2.654251642525196075e-03
-2.584860660135746002e-03 3.009785199537873268e-03
-2.515772590413689613e-03 2.806140575557947159e-03
-2.787398174405097961e-03 3.216479672119021416e-03
-3.140616230666637421e-03 3.722611116245388985e-03
-3.006748389452695847e-03 3.447699360549449921e-03
-3.145563416182994843e-03 3.582180943340063095e-03
-3.506779670715332031e-03 4.120503086596727371e-03
-3.399336943402886391e-03 3.900898620486259460e-03
-3.318931441754102707e-03 3.736010054126381874e-03
-3.643021453171968460e-03 4.189224448055028915e-03
-3.655778709799051285e-03 4.149239975959062576e-03
-3.400021698325872421e-03 3.696161322295665741e-03
-3.568899352103471756e-03 3.950648941099643707e-03
-3.670846344903111458e-03 4.039190243929624557e-03
-3.331577870994806290e-03 3.492046380415558815e-03
-3.292417153716087341e-03 3.476611338555812836e-03
-3.431975841522216797e-03 3.678303444758057594e-03
-3.128839889541268349e-03 3.149341326206922531e-03
-2.922828309237957001e-03 2.877923427149653435e-03
-3.033691085875034332e-03 3.026207908987998962e-03
-2.787849865853786469e-03 2.671943046152591705e-03
-2.434621565043926239e-03 2.233886392787098885e-03
-2.505509415641427040e-03 2.299223328009247780e-03
-2.383658895269036293e-03 2.120883669704198837e-03
-1.986778341233730316e-03 1.672094222158193588e-03
-1.973072998225688934e-03 1.577000948600471020e-03
-1.920173875987529755e-03 1.533925416879355907e-03
-1.621579751372337341e-03 1.136479899287223816e-03
-1.525293337181210518e-03 9.470927179791033268e-04
-1.498410943895578384e-03 8.920306572690606117e-04
-1.293838839046657085e-03 6.876124534755945206e-04
-1.117407577112317085e-03 4.682460275944322348e-04
-1.117055770009756088e-03 4.690847417805343866e-04
-1.021984731778502464e-03 3.460802254267036915e-04
-8.452257025055587292e-04 1.953151950147002935e-04
-8.180176373571157455e-04 2.082123828586190939e-04
-7.772948592901229858e-04 1.269304775632917881e-04
-6.550326943397521973e-04 1.726567279547452927e-05
-5.597686977125704288e-04 -3.827843465842306614e-05
-5.871300236321985722e-04 -5.179652362130582333e-05
-5.053712520748376846e-04 -7.948293932713568211e-05
-4.371508548501878977e-04 -7.969679427333176136e-05
-4.645155859179794788e-04 -9.320792742073535919e-05
-3.826118481811136007e-04 -1.213953219121322036e-04
-3.553450223989784718e-04 -1.075827822205610573e-04
-3.692517930176109076e-04 -1.482822117395699024e-04
-3.284171107225120068e-04 -1.620519615244120359e-04
-3.010121290571987629e-04 -1.486223773099482059e-04
-3.008625062648206949e-04 -1.489250571466982365e-04
-3.010499931406229734e-04 -1.485456450609490275e-04
-2.601362648420035839e-04 -1.624760043341666460e-04
-2.188635116908699274e-04 -1.081991067621856928e-04
-2.462826378177851439e-04 -1.216001255670562387e-04
-2.462214615661650896e-04 -1.217239914694800973e-04
-1.915061002364382148e-04 -9.467313066124916077e-05
-1.915772591019049287e-04 -9.452904487261548638e-05
-1.780420570867136121e-04 -1.219426121679134667e-04
-1.780117308953776956e-04 -1.219868718180805445e-04
-1.505957479821518064e-04 -1.085447365767322481e-04
-1.233367511304095387e-04 -9.488892828812822700e-05
-9.586630767444148660e-05 -8.150521171046420932e-05
-1.231929345522075891e-04 -9.507559298072010279e-05
-9.588660032022744417e-05 -8.148134656948968768e-05
-1.093910614144988358e-04 -5.418179716798476875e-05
-6.861678411951288581e-05 -6.786406447645276785e-05
-2.764576129266060889e-05 -8.177253766916692257e-05
-6.849785131635144353e-05 -6.798411777708679438e-05
-2.764576129266060889e-05 -8.177253766916692257e-05
-6.856621621409431100e-05 -6.791515625081956387e-05
-2.568667696323245764e-07 -6.824098090874031186e-05
-1.383305061608552933e-05 -4.088282730663195252e-05
-1.385361338179791346e-05 -4.087586421519517899e-05
2.704946564335841686e-05 -5.471603071782737970e-05
1.352488834527321160e-05 -2.735793896135874093e-05
-3.424884198466315866e-07 -6.824060255894437432e-05
1.352473282167920843e-05 -2.735801535891368985e-05
-3.255263436585664749e-07 -6.824068987043574452e-05
-1.378175784338964149e-05 -4.090014772373251617e-05
1.353850257146405056e-05 -2.735120324359741062e-05
1.353183870378416032e-05 -2.735450107138603926e-05
4.061592335347086191e-05 -8.205341146094724536e-05
2.705008773773442954e-05 -5.471572512760758400e-05
2.704946564335841686e-05 -5.471603071782737970e-05
4.087947309017181396e-05 -1.384296228934545070e-05
5.443846748676151037e-05 -4.115033880225382745e-05
1.351841547148069367e-05 -2.736113674473017454e-05
