5.586247891187667847e-02 2.440807074308395386e-01
1.840270012617111206e-01 1.850832998752593994e-01
1.722781956195831299e-01 1.920211166143417358e-01
1.732335537672042847e-01 1.931048184633255005e-01
1.643373221158981323e-01 1.996138095855712891e-01
1.643532812595367432e-01 2.001542896032333374e-01
1.617050766944885254e-01 2.019334137439727783e-01
1.587631255388259888e-01 2.042779177427291870e-01
1.553779542446136475e-01 2.067284733057022095e-01
1.524458974599838257e-01 2.087876945734024048e-01
1.491215527057647705e-01 2.110756188631057739e-01
1.453903764486312866e-01 2.135579586029052734e-01
1.420304477214813232e-01 2.157002538442611694e-01
1.392571926116943359e-01 2.174178659915924072e-01
1.364741325378417969e-01 2.190981805324554443e-01
1.334922611713409424e-01 2.208299934864044189e-01
1.306683868169784546e-01 2.224457859992980957e-01
1.280153095722198486e-01 2.238767445087432861e-01
1.252760142087936401e-01 2.253444790840148926e-01
1.225335597991943359e-01 2.267856001853942871e-01
1.197980269789695740e-01 2.281374931335449219e-01
1.172243729233741760e-01 2.294154316186904907e-01
1.147587150335311890e-01 2.305806130170822144e-01
1.122691929340362549e-01 2.317211329936981201e-01
1.098073497414588928e-01 2.328452914953231812e-01
1.074497997760772705e-01 2.338691204786300659e-01
1.051194146275520325e-01 2.348756641149520874e-01
1.028094515204429626e-01 2.357977181673049927e-01
1.004559397697448730e-01 2.367754876613616943e-01
9.832848608493804932e-02 2.375985980033874512e-01
9.612988680601119995e-02 2.384062856435775757e-01
9.400325268507003784e-02 2.392142713069915771e-01
9.182862937450408936e-02 2.399836927652359009e-01
8.962369710206985474e-02 2.407497316598892212e-01
8.764373511075973511e-02 2.414330095052719116e-01
8.576314896345138550e-02 2.420522868633270264e-01
8.359099179506301880e-02 2.427605837583541870e-01
8.164795488119125366e-02 2.433739751577377319e-01
7.971217483282089233e-02 2.439568489789962769e-01
7.781191170215606689e-02 2.445071190595626831e-01
7.596573233604431152e-02 2.450560778379440308e-01
7.409613579511642456e-02 2.455414533615112305e-01
7.226072251796722412e-02 2.460588514804840088e-01
7.048575580120086670e-02 2.465249449014663696e-01
6.862373650074005127e-02 2.470038384199142456e-01
6.685582548379898071e-02 2.474390268325805664e-01
6.514675170183181763e-02 2.478639036417007446e-01
6.335180997848510742e-02 2.482588887214660645e-01
6.161778420209884644e-02 2.486678063869476318e-01
5.994936823844909668e-02 2.490344047546386719e-01
5.818438902497291565e-02 2.494026273488998413e-01
5.661992728710174561e-02 2.497158646583557129e-01
5.492598935961723328e-02 2.500293552875518799e-01
5.313187837600708008e-02 2.503736615180969238e-01
5.166468769311904907e-02 2.506282031536102295e-01
4.997995123267173767e-02 2.509292960166931152e-01
4.840645194053649902e-02 2.512275576591491699e-01
4.681453481316566467e-02 2.514705955982208252e-01
4.512827098369598389e-02 2.517012655735015869e-01
4.368899762630462646e-02 2.519439458847045898e-01
4.193963110446929932e-02 2.521760463714599609e-01
4.047250002622604370e-02 2.524028718471527100e-01
3.891780972480773926e-02 2.525895833969116211e-01
3.732561692595481873e-02 2.527980208396911621e-01
3.580587729811668396e-02 2.529655098915100098e-01
3.425705432891845703e-02 2.531145215034484863e-01
3.282470628619194031e-02 2.532930672168731689e-01
3.120671957731246948e-02 2.534518241882324219e-01
2.979091368615627289e-02 2.535615861415863037e-01
2.836195938289165497e-02 2.537100017070770264e-01
2.668865211308002472e-02 2.538147866725921631e-01
2.529481239616870880e-02 2.539229691028594971e-01
2.369197458028793335e-02 2.540265619754791260e-01
2.230156771838665009e-02 2.541053295135498047e-01
2.087206020951271057e-02 2.541938722133636475e-01
1.930029876530170441e-02 2.542761266231536865e-01
1.795355416834354401e-02 2.543227374553680420e-01
1.631092466413974762e-02 2.543736994266510010e-01
1.493232510983943939e-02 2.544285655021667480e-01
1.347816176712512970e-02 2.544478178024291992e-01
1.200071722269058228e-02 2.545081377029418945e-01
1.062678545713424683e-02 2.544938921928405762e-01
9.054411202669143677e-03 2.545136213302612305e-01
7.678898051381111145e-03 2.545093297958374023e-01
6.172128021717071533e-03 2.544962763786315918e-01
4.727063700556755066e-03 2.544938623905181885e-01
3.287980332970619202e-03 2.544569373130798340e-01
1.754242926836013794e-03 2.544099390506744385e-01
3.820881247520446777e-04 2.543762922286987305e-01
-1.082908362150192261e-03 2.543090879917144775e-01
-2.518622204661369324e-03 2.542418539524078369e-01
-4.022307693958282471e-03 2.541677653789520264e-01
-5.488350987434387207e-03 2.540971040725708008e-01
-6.850181147456169128e-03 2.540039718151092529e-01
-8.283646777272224426e-03 2.539041638374328613e-01
-9.812071919441223145e-03 2.538010478019714355e-01
-1.129920780658721924e-02 2.536644637584686279e-01
-1.273156981915235519e-02 2.535670995712280273e-01
-1.412686984986066818e-02 2.534123957157135010e-01
-1.555703766644001007e-02 2.532830834388732910e-01
-1.693904027342796326e-02 2.531281113624572754e-01
-1.842900738120079041e-02 2.529634833335876465e-01
-1.995170116424560547e-02 2.527962028980255127e-01
-2.137973159551620483e-02 2.526389360427856445e-01
-2.273092046380043030e-02 2.524256408214569092e-01
-2.428519167006015778e-02 2.522246837615966797e-01
-2.575859427452087402e-02 2.520302236080169678e-01
-2.720786631107330322e-02 2.518083453178405762e-01
-2.859647013247013092e-02 2.515931725502014160e-01
-2.998065762221813202e-02 2.513790726661682129e-01
-3.148588538169860840e-02 2.511202096939086914e-01
-3.292993083596229553e-02 2.508383393287658691e-01
-3.474412113428115845e-02 2.505439519882202148e-01
-3.606382012367248535e-02 2.502740621566772461e-01
-3.677917271852493286e-02 2.501060962677001953e-01
-3.849545121192932129e-02 2.497601211071014404e-01
-4.038433730602264404e-02 2.493683695793151855e-01
-4.185726121068000793e-02 2.490826547145843506e-01
-4.310363531112670898e-02 2.487957775592803955e-01
-4.460028558969497681e-02 2.484464645385742188e-01
-4.613259434700012207e-02 2.480905354022979736e-01
-4.753818735480308533e-02 2.477510571479797363e-01
-4.897245392203330994e-02 2.473748773336410522e-01
-5.043556541204452515e-02 2.470038086175918579e-01
-5.198265984654426575e-02 2.465878427028656006e-01
-5.331742018461227417e-02 2.461953312158584595e-01
-5.475872755050659180e-02 2.457859367132186890e-01
-5.633067339658737183e-02 2.453329712152481079e-01
-5.785084888339042664e-02 2.449192404747009277e-01
-5.927200615406036377e-02 2.444591969251632690e-01
-6.078553944826126099e-02 2.439849823713302612e-01
-6.238900497555732727e-02 2.434742003679275513e-01
-6.374631822109222412e-02 2.430227100849151611e-01
-6.495651602745056152e-02 2.426135838031768799e-01
-6.643893569707870483e-02 2.421170920133590698e-01
-6.803551316261291504e-02 2.415315061807632446e-01
-6.951043754816055298e-02 2.409801483154296875e-01
-7.095336914062500000e-02 2.404534965753555298e-01
-7.239639759063720703e-02 2.398955523967742920e-01
-7.392708957195281982e-02 2.392972409725189209e-01
-7.540102303028106689e-02 2.387295216321945190e-01
-7.680980116128921509e-02 2.381509840488433838e-01
-7.827648520469665527e-02 2.375290095806121826e-01
-7.974316924810409546e-02 2.369070351123809814e-01
-8.117593079805374146e-02 2.362652420997619629e-01
-8.257184177637100220e-02 2.355979979038238525e-01
-8.404546976089477539e-02 2.349665015935897827e-01
-8.553255349397659302e-02 2.342503517866134644e-01
-8.698597550392150879e-02 2.335387766361236572e-01
-8.838539570569992065e-02 2.328630089759826660e-01
-8.981154859066009521e-02 2.321452647447586060e-01
-9.126190841197967529e-02 2.313800901174545288e-01
-9.268166124820709229e-02 2.306099683046340942e-01
-9.401099383831024170e-02 2.298586815595626831e-01
-9.540376812219619751e-02 2.290907502174377441e-01
-9.673004597425460815e-02 2.283096164464950562e-01
-9.811064600944519043e-02 2.274932563304901123e-01
-9.955141693353652954e-02 2.266310155391693115e-01
-1.008204743266105652e-01 2.258555144071578979e-01
-1.020215526223182678e-01 2.250475287437438965e-01
-1.034231632947921753e-01 2.241165041923522949e-01
-1.046504080295562744e-01 2.232654690742492676e-01
-1.058432385325431824e-01 2.224413454532623291e-01
-1.070963069796562195e-01 2.214928269386291504e-01
-1.081710085272789001e-01 2.206489741802215576e-01
-1.093867570161819458e-01 2.197151333093643188e-01
-1.103983372449874878e-01 2.188711166381835938e-01
-1.114657297730445862e-01 2.179434150457382202e-01
-1.124399080872535706e-01 2.170190811157226562e-01
-1.132391989231109619e-01 2.162075638771057129e-01
-1.141524389386177063e-01 2.153166830539703369e-01
-1.149103790521621704e-01 2.144120335578918457e-01
-1.156172752380371094e-01 2.135728299617767334e-01
-1.163165345788002014e-01 2.126539349555969238e-01
-1.167764067649841309e-01 2.118372917175292969e-01
-1.172902882099151611e-01 2.109398096799850464e-01
-1.176888942718505859e-01 2.100793719291687012e-01
-1.179331317543983459e-01 2.092556655406951904e-01
-1.181370466947555542e-01 2.083627283573150635e-01
-1.180805712938308716e-01 2.075202316045761108e-01
-1.180982813239097595e-01 2.066032588481903076e-01
-1.179179698228836060e-01 2.057069838047027588e-01
-1.175987794995307922e-01 2.047778964042663574e-01
-1.172276586294174194e-01 2.037173807621002197e-01
-1.166033074259757996e-01 2.027036547660827637e-01
-1.160909160971641541e-01 2.014965116977691650e-01
-1.152517274022102356e-01 2.001991569995880127e-01
-1.144202500581741333e-01 1.988045573234558105e-01
-1.133359000086784363e-01 1.973094344139099121e-01
-1.120595410466194153e-01 1.956423372030258179e-01
-1.108525246381759644e-01 1.937321126461029053e-01
-1.092794016003608704e-01 1.916247904300689697e-01
-1.074672341346740723e-01 1.892334371805191040e-01
-1.054342687129974365e-01 1.861656308174133301e-01
-1.032122746109962463e-01 1.829517781734466553e-01
-1.009144484996795654e-01 1.798035949468612671e-01
-9.857943654060363770e-02 1.765795052051544189e-01
-9.640195220708847046e-02 1.734098792076110840e-01
-9.397009015083312988e-02 1.699601560831069946e-01
-9.132438153028488159e-02 1.664003431797027588e-01
-8.884073048830032349e-02 1.627726107835769653e-01
-8.598481863737106323e-02 1.588428318500518799e-01
-8.308143913745880127e-02 1.545137166976928711e-01
-8.008368313312530518e-02 1.501964777708053589e-01
-7.725093513727188110e-02 1.460610926151275635e-01
-7.464071363210678101e-02 1.421926021575927734e-01
-7.186611741781234741e-02 1.382120996713638306e-01
-6.919846683740615845e-02 1.343289613723754883e-01
-6.654170155525207520e-02 1.304722428321838379e-01
-6.398716568946838379e-02 1.267280429601669312e-01
-6.153988093137741089e-02 1.231577545404434204e-01
-5.912142619490623474e-02 1.195529326796531677e-01
-5.678348615765571594e-02 1.161554902791976929e-01
-5.450470000505447388e-02 1.127201989293098450e-01
-5.213477835059165955e-02 1.092629432678222656e-01
-4.991103708744049072e-02 1.060359627008438110e-01
-4.774693027138710022e-02 1.027817875146865845e-01
-4.557010531425476074e-02 9.954372048377990723e-02
-4.354526475071907043e-02 9.644838422536849976e-02
-4.150679707527160645e-02 9.338074177503585815e-02
-3.959234058856964111e-02 9.045784175395965576e-02
-3.762608766555786133e-02 8.754745870828628540e-02
-3.575814142823219299e-02 8.464598655700683594e-02
-3.392582386732101440e-02 8.184362202882766724e-02
-3.220298141241073608e-02 7.914119958877563477e-02
-3.054441139101982117e-02 7.649424672126770020e-02
-2.882803604006767273e-02 7.379824668169021606e-02
-2.719221636652946472e-02 7.118266820907592773e-02
-2.581730857491493225e-02 6.880998611450195312e-02
-2.415846660733222961e-02 6.623448431491851807e-02
-2.267748303711414337e-02 6.375876814126968384e-02
-2.128320001065731049e-02 6.136161088943481445e-02
-1.987955346703529358e-02 5.896763503551483154e-02
-1.855524256825447083e-02 5.671789497137069702e-02
-1.726710423827171326e-02 5.443151295185089111e-02
-1.601529307663440704e-02 5.223411694169044495e-02
-1.487270183861255646e-02 5.002718791365623474e-02
-1.371897384524345398e-02 4.791158437728881836e-02
-1.266521122306585312e-02 4.587734118103981018e-02
-1.156799495220184326e-02 4.372486844658851624e-02
-1.054509729146957397e-02 4.168695956468582153e-02
-9.623566642403602600e-03 3.973004221916198730e-02
-8.748685941100120544e-03 3.776597976684570312e-02
-7.861059159040451050e-03 3.583602234721183777e-02
-7.103949319571256638e-03 3.401511907577514648e-02
-6.349697709083557129e-03 3.213146701455116272e-02
-5.653335712850093842e-03 3.045608103275299072e-02
-5.034123547375202179e-03 2.864983677864074707e-02
-4.423693288117647171e-03 2.690398693084716797e-02
-3.880352713167667389e-03 2.527416311204433441e-02
-3.434499958530068398e-03 2.363362722098827362e-02
-2.975625218823552132e-03 2.211729623377323151e-02
-2.507787430658936501e-03 2.060233801603317261e-02
-2.067923080176115036e-03 1.911512948572635651e-02
-1.730284420773386955e-03 1.773956418037414551e-02
-1.431905198842287064e-03 1.642110198736190796e-02
-1.041586278006434441e-03 1.511243078857660294e-02
-8.211042732000350952e-04 1.384733803570270538e-02
-5.347820115275681019e-04 1.265020575374364853e-02
-3.561927005648612976e-04 1.156441215425729752e-02
-1.843204372562468052e-04 1.053929794579744339e-02
-3.732752520591020584e-05 9.480578824877738953e-03
9.318621596321463585e-05 8.543202653527259827e-03
1.672712969593703747e-04 7.568956818431615829e-03
2.030638279393315315e-04 6.682419683784246445e-03
2.583057503215968609e-04 5.890180356800556183e-03
2.191058592870831490e-04 5.118515342473983765e-03
2.313291479367762804e-04 4.414177499711513519e-03
2.027868758887052536e-04 3.827834734693169594e-03
1.400695182383060455e-04 3.268607193604111671e-03
1.044373784679919481e-04 2.742982469499111176e-03
3.289141750428825617e-05 2.274773549288511276e-03
-2.268710522912442684e-05 1.931232749484479427e-03
-1.120068918680772185e-04 1.614752341993153095e-03
-1.499056670581921935e-04 1.395824947394430637e-03
-1.304931793129071593e-04 1.213745679706335068e-03
-1.408629177603870630e-04 1.028476399369537830e-03
-1.584526035003364086e-04 9.038029820658266544e-04
-1.758623548084869981e-04 7.791452808305621147e-04
-1.692537189228460193e-04 7.184776477515697479e-04
-1.292050001211464405e-04 6.306900759227573872e-04
-1.898025948321446776e-04 6.241918308660387993e-04
-1.562084362376481295e-04 5.971039645373821259e-04
-1.194167416542768478e-04 5.396592896431684494e-04
-1.495517208240926266e-04 5.364547250792384148e-04
-1.464319793740287423e-04 5.060718976892530918e-04
-1.127049472415819764e-04 4.790159291587769985e-04
-8.575107494834810495e-05 5.125883617438375950e-04
-1.399143366143107414e-04 4.453838628251105547e-04
-7.591283065266907215e-05 4.215672961436212063e-04
-1.094539984478615224e-04 4.486710531637072563e-04
-7.585818093502894044e-05 4.215771623421460390e-04
-4.556248313747346401e-05 4.248228215146809816e-04
-7.590696623083204031e-05 4.215683438815176487e-04
-4.226236342219635844e-05 3.944832424167543650e-04
-7.270866626640781760e-05 3.912134270649403334e-04
-3.901141462847590446e-05 3.641383955255150795e-04
-3.901141462847590446e-05 3.641383955255150795e-04
-3.896420457749627531e-05 3.641434013843536377e-04
-3.896420457749627531e-05 3.641434013843536377e-04
-3.905862104147672653e-05 3.641333023551851511e-04
-3.579909389372915030e-05 3.337893576826900244e-04
-8.661445463076233864e-06 3.673894389066845179e-04
-3.572181958588771522e-05 3.337976522743701935e-04
-8.618921128800138831e-06 3.673904284369200468e-04
-3.576046219677664340e-05 3.337935195304453373e-04
-2.164644683944061399e-06 3.066995996050536633e-04
-8.714179784874431789e-06 3.673881874419748783e-04
-3.254885086789727211e-05 3.034444234799593687e-04
-2.168906576116569340e-06 3.066995705012232065e-04
2.488041718606837094e-05 3.402989823371171951e-04
1.122130925068631768e-06 2.763545780908316374e-04
2.822039823513478041e-05 3.099468594882637262e-04
1.125963535741902888e-06 2.763545489870011806e-04
2.822469832608476281e-05 3.099464811384677887e-04
3.147129245917312801e-05 2.796011394821107388e-04
-2.041115294559858739e-06 3.067004145123064518e-04
3.147129245917312801e-05 2.796011394821107388e-04
6.185329402796924114e-05 2.828397555276751518e-04
6.181269418448209763e-05 2.828486030921339989e-04
3.147517418256029487e-05 2.796007320284843445e-04
3.150753764202818274e-05 2.795970940496772528e-04
3.146741437376476824e-05 2.796015760395675898e-04
3.143505091429688036e-05 2.796052431222051382e-04
6.509595550596714020e-05 2.524940064176917076e-04
3.796448436332866549e-05 2.189104998251423240e-04
6.184937228681519628e-05 2.828405995387583971e-04
6.509245577035471797e-05 2.524948795326054096e-04
6.181269418448209763e-05 2.828486030921339989e-04
3.471443051239475608e-05 2.492562925908714533e-04
6.502699397969990969e-05 2.525117597542703152e-04
6.833553197793662548e-05 2.221491886302828789e-04
9.547484660288318992e-05 2.557242696639150381e-04
9.223612141795456409e-05 2.860704262275248766e-04
6.512519030366092920e-05 2.524864394217729568e-04
9.547484660288318992e-05 2.557242696639150381e-04
6.512519030366092920e-05 2.524864394217729568e-04
9.871046495391055942e-05 2.253794664284214377e-04
3.477906284388154745e-05 2.492472995072603226e-04
6.836740794824436307e-05 2.221393660875037313e-04
6.184937228681519628e-05 2.828405995387583971e-04
6.836433749413117766e-05 2.221403265139088035e-04
1.019496121443808079e-04 1.950333389686420560e-04
6.830673373769968748e-05 2.221580361947417259e-04
6.839314301032572985e-05 2.221314643975347281e-04
1.290269428864121437e-04 2.286353555973619223e-04
9.547484660288318992e-05 2.557242696639150381e-04
9.543816122459247708e-05 2.557379775680601597e-04
7.160613313317298889e-05 1.917931949719786644e-04
6.839621346443891525e-05 2.221305185230448842e-04
9.550801041768863797e-05 2.557119005359709263e-04
6.512519030366092920e-05 2.524864394217729568e-04
1.290862419409677386e-04 2.286018861923366785e-04
1.323214528383687139e-04 1.982553512789309025e-04
9.876578405965119600e-05 2.253552229376509786e-04
1.019749033730477095e-04 1.950201403815299273e-04
6.839314301032572985e-05 2.221314643975347281e-04
1.290565851377323270e-04 2.286186208948493004e-04
6.839621346443891525e-05 2.221305185230448842e-04
9.550447430228814483e-05 2.557132102083414793e-04
1.290862419409677386e-04 2.286018861923366785e-04
9.873968519968912005e-05 2.253666752949357033e-04
1.290862419409677386e-04 2.286018861923366785e-04
6.833861698396503925e-05 2.221482427557930350e-04
1.020028721541166306e-04 1.950055011548101902e-04
1.290862419409677386e-04 2.286018861923366785e-04
9.557430166751146317e-05 2.556871331762522459e-04
1.291190274059772491e-04 2.285833616042509675e-04
1.020055642584338784e-04 1.950040896190330386e-04
1.290893851546570659e-04 2.286001108586788177e-04
6.839621346443891525e-05 2.221305185230448842e-04
9.876890544546768069e-05 2.253538696095347404e-04
1.291486551053822041e-04 2.285666269017383456e-04
1.020028721541166306e-04 1.950055011548101902e-04
1.291455118916928768e-04 2.285684167873114347e-04
1.323471515206620097e-04 1.982381800189614296e-04
1.020534400595352054e-04 1.949790457729250193e-04
1.291455118916928768e-04 2.285684167873114347e-04
9.876890544546768069e-05 2.253538696095347404e-04
1.323985488852486014e-04 1.982038520509377122e-04
1.020028721541166306e-04 1.950055011548101902e-04
1.291751395910978317e-04 2.285516529809683561e-04
1.323471515206620097e-04 1.982381800189614296e-04
6.839927664259448647e-05 2.221295726485550404e-04
1.323728647548705339e-04 1.982210233109071851e-04
9.876890544546768069e-05 2.253538696095347404e-04
1.323985488852486014e-04 1.982038520509377122e-04
9.560745093040168285e-05 2.556747349444776773e-04
1.563067489769309759e-04 2.621185558382421732e-04
1.627463498152792454e-04 2.014272613450884819e-04
1.291455118916928768e-04 2.285684167873114347e-04
1.324269833276048303e-04 1.981848618015646935e-04
9.880433935904875398e-05 2.253383572679013014e-04
1.020254712784662843e-04 1.949936849996447563e-04
1.292079250561073422e-04 2.285331283928826451e-04
1.291486551053822041e-04 2.285666269017383456e-04
1.020787167362868786e-04 1.949658035300672054e-04
1.052528168656863272e-04 1.646463060751557350e-04
9.883044549496844411e-05 2.253268903587013483e-04
1.020534400595352054e-04 1.949790457729250193e-04
9.880123252514749765e-05 2.253397105960175395e-04
9.889196371659636497e-05 2.252998965559527278e-04
1.291751395910978317e-04 2.285516529809683561e-04
1.291782973567023873e-04 2.285498776473104954e-04
1.020507479552179575e-04 1.949804427567869425e-04
1.291190274059772491e-04 2.285833616042509675e-04
1.563371333759278059e-04 2.621004532556980848e-04
1.324012846453115344e-04 1.982020330615341663e-04
1.020787167362868786e-04 1.949658035300672054e-04
1.324242621194571257e-04 1.981866953428834677e-04
1.595561916474252939e-04 2.317521866643801332e-04
1.324783661402761936e-04 1.981505047297105193e-04
1.291719963774085045e-04 2.285534428665414453e-04
1.628041209187358618e-04 2.013805788010358810e-04
1.292375673074275255e-04 2.285163791384547949e-04
1.324269833276048303e-04 1.981848618015646935e-04
1.324526820098981261e-04 1.981676905415952206e-04
1.292375673074275255e-04 2.285163791384547949e-04
1.020787167362868786e-04 1.949658035300672054e-04
9.889196371659636497e-05 2.252998965559527278e-04
7.173045014496892691e-05 1.917467598104849458e-04
7.175531209213659167e-05 1.917374611366540194e-04
1.324269833276048303e-04 1.981848618015646935e-04
9.888887143461033702e-05 2.253012644359841943e-04
1.324526820098981261e-04 1.981676905415952206e-04
1.020813942886888981e-04 1.949644065462052822e-04
1.292406959692016244e-04 2.285146038047969341e-04
1.020840718410909176e-04 1.949629950104281306e-04
1.324526820098981261e-04 1.981676905415952206e-04
1.021292628138326108e-04 1.949393190443515778e-04
1.628041209187358618e-04 2.013805788010358810e-04
1.021292628138326108e-04 1.949393190443515778e-04
1.324729382758960128e-04 1.981541718123480678e-04
9.888577187666669488e-05 2.253026177641004324e-04
1.021265925373882055e-04 1.949407451320439577e-04
1.324499462498351932e-04 1.981695095309987664e-04
1.021292628138326108e-04 1.949393190443515778e-04
1.292640517931431532e-04 2.285013906657695770e-04
1.324526820098981261e-04 1.981676905415952206e-04
1.325040648225694895e-04 1.981333480216562748e-04
1.021292628138326108e-04 1.949393190443515778e-04
1.324783661402761936e-04 1.981505047297105193e-04
1.292968227062374353e-04 2.284828515257686377e-04
1.325040648225694895e-04 1.981333480216562748e-04
1.021518692141398787e-04 1.949274883372709155e-04
1.325040648225694895e-04 1.981333480216562748e-04
1.021319403662346303e-04 1.949379366124048829e-04
1.260860008187592030e-04 2.588341012597084045e-04
1.021545467665418983e-04 1.949261059053242207e-04
1.293295499635860324e-04 2.284643123857676983e-04
1.021545467665418983e-04 1.949261059053242207e-04
1.292936649406328797e-04 2.284846268594264984e-04
1.628563477424904704e-04 2.013383636949583888e-04
1.021824864437803626e-04 1.949114521266892552e-04
1.021545467665418983e-04 1.949261059053242207e-04
9.894729737425222993e-05 2.252756094094365835e-04
1.054067251970991492e-04 1.645478041609749198e-04
1.022051001200452447e-04 1.948995923157781363e-04
1.293264358537271619e-04 2.284660877194255590e-04
1.325554330833256245e-04 1.980989763978868723e-04
1.293295499635860324e-04 2.284643123857676983e-04
9.903492173179984093e-05 2.252370904898270965e-04
1.325554330833256245e-04 1.980989763978868723e-04
1.053831365425139666e-04 1.645629090489819646e-04
9.894729737425222993e-05 2.252756094094365835e-04
1.325324556091800332e-04 1.981143432203680277e-04
1.325297489529475570e-04 1.981161622097715735e-04
1.325554330833256245e-04 1.980989763978868723e-04
9.894729737425222993e-05 2.252756094094365835e-04
1.293591776629909873e-04 2.284475340275093913e-04
9.580982441548258066e-05 2.555989776737987995e-04
1.293591776629909873e-04 2.284475340275093913e-04
1.293560635531321168e-04 2.284493239130824804e-04
9.897650306811556220e-05 2.252627746202051640e-04
1.293856767006218433e-04 2.284325310029089451e-04
9.897650306811556220e-05 2.252627746202051640e-04
1.325811172137036920e-04 1.980817760340869427e-04
1.292609231313690543e-04 2.285031805513426661e-04
1.325297489529475570e-04 1.981161622097715735e-04
6.545599171658977866e-05 2.524009032640606165e-04
1.021798234432935715e-04 1.949128491105511785e-04
1.022077558445744216e-04 1.948981953319162130e-04
1.293856767006218433e-04 2.284325310029089451e-04
1.357548171654343605e-04 1.677486288826912642e-04
1.022303622448816895e-04 1.948863355210050941e-04
1.293591776629909873e-04 2.284475340275093913e-04
9.900878649204969406e-05 2.252485719509422779e-04
1.293856767006218433e-04 2.284325310029089451e-04
9.906412014970555902e-05 2.252242411486804485e-04
1.325838238699361682e-04 1.980799715965986252e-04
1.021824864437803626e-04 1.949114521266892552e-04
1.293887908104807138e-04 2.284307702211663127e-04
1.022051001200452447e-04 1.948995923157781363e-04
1.294121902901679277e-04 2.284175134263932705e-04
1.326325000263750553e-04 1.980474044103175402e-04
9.906719787977635860e-05 2.252229023724794388e-04
1.358463632641360164e-04 1.676744868746027350e-04
1.293825480388477445e-04 2.284343063365668058e-04
1.293856767006218433e-04 2.284325310029089451e-04
1.022835640469565988e-04 1.948584249475970864e-04
1.325811172137036920e-04 1.980817760340869427e-04
1.022582946461625397e-04 1.948716962942853570e-04
9.897958079818636179e-05 2.252614212920889258e-04
1.325784105574712157e-04 1.980835950234904885e-04
9.903492173179984093e-05 2.252370904898270965e-04
1.293560635531321168e-04 2.284493239130824804e-04
9.903492173179984093e-05 2.252370904898270965e-04
1.293856767006218433e-04 2.284325310029089451e-04
1.022835640469565988e-04 1.948584249475970864e-04
1.294480316573753953e-04 2.283972135046496987e-04
1.262237783521413803e-04 2.587669296190142632e-04
9.909640357363969088e-05 2.252100530313327909e-04
7.190446194726973772e-05 1.916815526783466339e-04
9.906412014970555902e-05 2.252242411486804485e-04
9.909640357363969088e-05 2.252100530313327909e-04
1.292999368160963058e-04 2.284810761921107769e-04
1.326581841567531228e-04 1.980301749426871538e-04
1.294449320994317532e-04 2.283989888383075595e-04
1.293856767006218433e-04 2.284325310029089451e-04
1.326095080003142357e-04 1.980627857847139239e-04
1.293887908104807138e-04 2.284307702211663127e-04
1.023314398480579257e-04 1.948332646861672401e-04
1.022582946461625397e-04 1.948716962942853570e-04
9.909334039548411965e-05 2.252114063594490290e-04
9.912559471558779478e-05 2.251971891382709146e-04
9.912559471558779478e-05 2.251971891382709146e-04
1.023593504214659333e-04 1.948186109075322747e-04
9.912559471558779478e-05 2.251971891382709146e-04
9.912559471558779478e-05 2.251971891382709146e-04
1.022835640469565988e-04 1.948584249475970864e-04
9.906719787977635860e-05 2.252229023724794388e-04
1.023088188958354294e-04 1.948451390489935875e-04
9.912559471558779478e-05 2.251971891382709146e-04
1.295072725042700768e-04 2.283636276843026280e-04
1.023340882966294885e-04 1.948318822542205453e-04
1.294776448048651218e-04 2.283804060425609350e-04
1.023061777232214808e-04 1.948465360328555107e-04
1.326297933701425791e-04 1.980491942958906293e-04
1.023061777232214808e-04 1.948465360328555107e-04
1.326838682871311903e-04 1.980129745788872242e-04
1.326325000263750553e-04 1.980474044103175402e-04
7.200909021776169538e-05 1.916422916110605001e-04
1.294776448048651218e-04 2.283804060425609350e-04
7.195677608251571655e-05 1.916619075927883387e-04
7.200389518402516842e-05 1.916442561196163297e-04
1.326581841567531228e-04 1.980301749426871538e-04
7.203393033705651760e-05 1.916329347295686603e-04
7.200648542493581772e-05 1.916432665893808007e-04
9.915174450725317001e-05 2.251856785733252764e-04
7.200648542493581772e-05 1.916432665893808007e-04
1.294776448048651218e-04 2.283804060425609350e-04
1.295368710998445749e-04 2.283468347741290927e-04
1.023340882966294885e-04 1.948318822542205453e-04
1.295041583944112062e-04 2.283653884660452604e-04
1.023567165248095989e-04 1.948200078913941979e-04
6.879933062009513378e-05 2.220059832325205207e-04
1.326865603914484382e-04 1.980111701413989067e-04
1.023593504214659333e-04 1.948186109075322747e-04
1.327122299699112773e-04 1.979939697775989771e-04
7.203133282018825412e-05 1.916339097078889608e-04
1.327122299699112773e-04 1.979939697775989771e-04
1.327635836787521839e-04 1.979595544980838895e-04
9.600864723324775696e-05 2.555243554525077343e-04
1.023846125463023782e-04 1.948053250089287758e-04
1.023846125463023782e-04 1.948053250089287758e-04
9.915480040945112705e-05 2.251843397971242666e-04
1.023846125463023782e-04 1.948053250089287758e-04
1.295664842473343015e-04 2.283300273120403290e-04
9.918399882735684514e-05 2.251714759040623903e-04
9.924240293912589550e-05 2.251457481179386377e-04
1.295041583944112062e-04 2.283653884660452604e-04
9.921015589497983456e-05 2.251599653391167521e-04
9.921015589497983456e-05 2.251599653391167521e-04
1.327352219959720969e-04 1.979785592993721366e-04
6.894628313602879643e-05 2.219603920821100473e-04
1.023846125463023782e-04 1.948053250089287758e-04
1.264691527467221022e-04 2.586471091490238905e-04
9.921319724526256323e-05 2.251586120110005140e-04
1.295368710998445749e-04 2.283468347741290927e-04
1.024351367959752679e-04 1.947787677636370063e-04
1.359093148494139314e-04 1.676234678598120809e-04
9.924240293912589550e-05 2.251457481179386377e-04
9.607492393115535378e-05 2.554994425736367702e-04
1.024098819470964372e-04 1.947920682141557336e-04
1.327635836787521839e-04 1.979595544980838895e-04
9.921319724526256323e-05 2.251586120110005140e-04
1.024656521622091532e-04 1.947627170011401176e-04
9.927463543135672808e-05 2.251315163448452950e-04
1.024125085677951574e-04 1.947906566783785820e-04
9.924240293912589550e-05 2.251457481179386377e-04
1.023898948915302753e-04 1.948025601450353861e-04
1.296287809964269400e-04 2.282946516061201692e-04
1.327635836787521839e-04 1.979595544980838895e-04
7.205619476735591888e-05 1.916245964821428061e-04
1.024351367959752679e-04 1.947787677636370063e-04
1.295960973948240280e-04 2.283132344018667936e-04
1.024072407744824886e-04 1.947934506461024284e-04
1.327865757048130035e-04 1.979441003641113639e-04
9.927159408107399940e-05 2.251328696729615331e-04
1.328175858361646533e-04 1.979232911253347993e-04
1.024098819470964372e-04 1.947920682141557336e-04
7.210846524685621262e-05 1.916048931889235973e-04
1.024351367959752679e-04 1.947787677636370063e-04
1.295960973948240280e-04 2.283132344018667936e-04
1.024856537696905434e-04 1.947521959664300084e-04
9.924240293912589550e-05 2.251457481179386377e-04
1.296552945859730244e-04 2.282796049257740378e-04
9.927159408107399940e-05 2.251328696729615331e-04
1.327608915744349360e-04 1.979613443836569786e-04
9.924240293912589550e-05 2.251457481179386377e-04
1.023846125463023782e-04 1.948053250089287758e-04
1.328405778622254729e-04 1.979078660951927304e-04
9.927159408107399940e-05 2.251328696729615331e-04
1.327919162577018142e-04 1.979405205929651856e-04
1.296583795920014381e-04 2.282778441440314054e-04
6.894628313602879643e-05 2.219603920821100473e-04
9.930079249897971749e-05 2.251199912279844284e-04
1.024630182655528188e-04 1.947640848811715841e-04
9.610805136617273092e-05 2.554869861342012882e-04
9.935918933479115367e-05 2.250942488899454474e-04
7.208362512756139040e-05 1.916142646223306656e-04
1.328662474406883121e-04 1.978906366275623441e-04
1.024856537696905434e-04 1.947521959664300084e-04
9.930079249897971749e-05 2.251199912279844284e-04
9.932694956660270691e-05 2.251084661111235619e-04
1.296257105423137546e-04 2.282964123878628016e-04
7.218301470857113600e-05 1.915768516482785344e-04
1.328379003098234534e-04 1.979096705326810479e-04
1.328122452832758427e-04 1.979268854483962059e-04
9.617776231607422233e-05 2.554607344791293144e-04
1.327892532572150230e-04 1.979423104785382748e-04
1.025109231704846025e-04 1.947389100678265095e-04
9.936220885720103979e-05 2.250928810099139810e-04
1.297175767831504345e-04 2.282442146679386497e-04
1.025135352392680943e-04 1.947375130839645863e-04
9.930079249897971749e-05 2.251199912279844284e-04
1.025109231704846025e-04 1.947389100678265095e-04
7.216074300231412053e-05 1.915852189995348454e-04
6.900385778862982988e-05 2.219425077782943845e-04
1.297441194765269756e-04 2.282291534356772900e-04
9.932998364092782140e-05 2.251071127830073237e-04
1.297441194765269756e-04 2.282291534356772900e-04
9.938837320078164339e-05 2.250813558930531144e-04
1.359962479909881949e-04 1.675529492786154151e-04
7.218301470857113600e-05 1.915768516482785344e-04
9.926854545483365655e-05 2.251342084491625428e-04
1.328919170191511512e-04 1.978733926080167294e-04
9.939442679751664400e-05 2.250786637887358665e-04
1.328662474406883121e-04 1.978906366275623441e-04
1.025640376610681415e-04 1.947109267348423600e-04
1.328432554146274924e-04 1.979060762096196413e-04
9.627371036913245916e-05 2.554245875217020512e-04
1.297441194765269756e-04 2.282291534356772900e-04
1.025109231704846025e-04 1.947389100678265095e-04
9.631026478018611670e-05 2.554107923060655594e-04
1.297145208809524775e-04 2.282459754496812820e-04
1.025387900881469250e-04 1.947242271853610873e-04
1.297441194765269756e-04 2.282291534356772900e-04
1.265997852897271514e-04 2.585831680335104465e-04
1.025640376610681415e-04 1.947109267348423600e-04
1.328945654677227139e-04 1.978716172743588686e-04
6.903562461957335472e-05 2.219326270278543234e-04
9.623714140616357327e-05 2.554383536335080862e-04
6.906440830789506435e-05 2.219236630480736494e-04
9.944978228304535151e-05 2.250542165711522102e-04
9.620745549909770489e-05 2.554495586082339287e-04
7.220527913887053728e-05 1.915684406412765384e-04
1.025640376610681415e-04 1.947109267348423600e-04
9.942059114109724760e-05 2.250671095680445433e-04
1.026145473588258028e-04 1.946843258338049054e-04
9.942059114109724760e-05 2.250671095680445433e-04
1.025892925099469721e-04 1.946976262843236327e-04
1.025361707434058189e-04 1.947256096173077822e-04
9.942059114109724760e-05 2.250671095680445433e-04
1.298033166676759720e-04 2.281954803038388491e-04
9.938534640241414309e-05 2.250826801173388958e-04
6.906142516527324915e-05 2.219245943706482649e-04
9.944978228304535151e-05 2.250542165711522102e-04
6.903264147695153952e-05 2.219335583504289389e-04
6.909020885359495878e-05 2.219156303908675909e-04
1.266668550670146942e-04 2.585503098089247942e-04
1.025614255922846496e-04 1.947122946148738265e-04
1.298033166676759720e-04 2.281954803038388491e-04
1.297767739742994308e-04 2.282105560880154371e-04
9.950815729098394513e-05 2.250284305773675442e-04
6.588484393432736397e-05 2.522892900742590427e-04
9.633996523916721344e-05 2.553996164351701736e-04
9.945280180545523763e-05 2.250528923468664289e-04
1.298033166676759720e-04 2.281954803038388491e-04
9.634339949116110802e-05 2.553983358666300774e-04
1.025614255922846496e-04 1.947122946148738265e-04
1.298329152632504702e-04 2.281786437379196286e-04
9.947897342499345541e-05 2.250413381261751056e-04
9.950815729098394513e-05 2.250284305773675442e-04
9.947897342499345541e-05 2.250413381261751056e-04
9.944978228304535151e-05 2.250542165711522102e-04
1.329945516772568226e-04 1.978044310817494988e-04
1.298624993069097400e-04 2.281617926200851798e-04
9.947594662662595510e-05 2.250426623504608870e-04
6.911899254191666842e-05 2.219066664110869169e-04
9.942059114109724760e-05 2.250671095680445433e-04
1.330255036009475589e-04 1.977836218429729342e-04
9.947897342499345541e-05 2.250413381261751056e-04
1.329945516772568226e-04 1.978044310817494988e-04
1.026702448143623769e-04 1.946549455169588327e-04
7.223012653412297368e-05 1.915590692078694701e-04
9.637309267418459058e-05 2.553871017880737782e-04
6.912493699928745627e-05 2.219048183178529143e-04
1.026624522637575865e-04 1.946590782608836889e-04
6.917952850926667452e-05 2.218878071289509535e-04
9.947897342499345541e-05 2.250413381261751056e-04
9.950513776857405901e-05 2.250297402497380972e-04
9.950815729098394513e-05 2.250284305773675442e-04
9.633996523916721344e-05 2.553996164351701736e-04
1.330228697042912245e-04 1.977853971766307950e-04
9.947897342499345541e-05 2.250413381261751056e-04
7.230466871988028288e-05 1.915309694595634937e-04
9.950513776857405901e-05 2.250297402497380972e-04
6.915075209690257907e-05 2.218967856606468558e-04
7.230466871988028288e-05 1.915309694595634937e-04
9.950513776857405901e-05 2.250297402497380972e-04
1.026650425046682358e-04 1.946576958289369941e-04
1.026650425046682358e-04 1.946576958289369941e-04
6.915371341165155172e-05 2.218958397861570120e-04
9.953734115697443485e-05 2.250155084766447544e-04
1.267304469365626574e-04 2.585191396065056324e-04
6.920829764567315578e-05 2.218788140453398228e-04
9.956651774700731039e-05 2.250025863759219646e-04
9.956651774700731039e-05 2.250025863759219646e-04
9.956952271750196815e-05 2.250012767035514116e-04
1.026650425046682358e-04 1.946576958289369941e-04
9.956352005247026682e-05 2.250039251521229744e-04
6.917952850926667452e-05 2.218878071289509535e-04
1.330511440755799413e-04 1.977663632715120912e-04
1.299277937505394220e-04 2.281246270285919309e-04
9.953734115697443485e-05 2.250155084766447544e-04
9.959271119441837072e-05 2.249910176033154130e-04
6.920829764567315578e-05 2.218788140453398228e-04
9.953734115697443485e-05 2.250155084766447544e-04
9.965406934497877955e-05 2.249638346256688237e-04
9.959570888895541430e-05 2.249896933790296316e-04
9.956952271750196815e-05 2.250012767035514116e-04
1.027207181323319674e-04 1.946283155120909214e-04
1.299217110499739647e-04 2.281281049363315105e-04
1.299930154345929623e-04 2.280874468851834536e-04
1.026902828016318381e-04 1.946443662745878100e-04
9.958971349988132715e-05 2.249923418276011944e-04
7.234484655782580376e-05 1.915157918119803071e-04
9.954034612746909261e-05 2.250141842523589730e-04
7.859968172851949930e-05 1.307921047555282712e-04
-2.093672446790151298e-05 -9.420959395356476307e-05
-3.034959991055075079e-05 -3.206426526958239265e-06
-2.716293965931981802e-05 -3.354002546984702349e-05
-2.716090602916665375e-05 -3.354167347424663603e-05
-5.436131687019951642e-05 -6.705134001094847918e-05
-2.715107621042989194e-05 -3.354962973389774561e-05
-5.429030716186389327e-05 -6.710884917993098497e-05
-2.714317270147148520e-05 -3.355602530064061284e-05
-6.069995652069337666e-05 -6.405695330613525584e-06
-2.712840068852528930e-05 -3.356797242304310203e-05
-5.429426164482720196e-05 -6.710565503453835845e-05
-2.394804323557764292e-05 -6.390138878487050533e-05
3.185907416991540231e-06 -3.035176268895156682e-05
-5.753810546593740582e-05 -3.669146099127829075e-05
-2.716388917178846896e-05 -3.353926149429753423e-05
-3.034978908544871956e-05 -3.204636186637799256e-06
-5.432777834357693791e-05 -6.707852298859506845e-05
-3.034997826034668833e-05 -3.202847665306762792e-06
-2.718457108130678535e-05 -3.352249768795445561e-05
-5.432384205050766468e-05 -6.708170985803008080e-05
-2.716388917178846896e-05 -3.353926149429753423e-05
-5.753596269642002881e-05 -3.669481520773842931e-05
-3.034997826034668833e-05 -3.202847665306762792e-06
-5.751546268584206700e-05 -3.672694947454147041e-05
-2.714515358093194664e-05 -3.355442458996549249e-05
-6.069995652069337666e-05 -6.405695330613525584e-06
-2.718457108130678535e-05 -3.352249768795445561e-05
-2.718457108130678535e-05 -3.352249768795445561e-05
-3.034818655578419566e-05 -3.219784957764204592e-06
-5.751761636929586530e-05 -3.672357706818729639e-05
-2.718261566769797355e-05 -3.352408384671434760e-05
6.375373232003767043e-06 -6.070315066608600318e-05
-2.714713082241360098e-05 -3.355282751726917922e-05
-3.034997826034668833e-05 -3.202847665306762792e-06
-2.716585549933370203e-05 -3.353767169755883515e-05
-5.436523133539594710e-05 -6.704816769342869520e-05
-2.714317270147148520e-05 -3.355602530064061284e-05
3.152017598040401936e-06 -3.035529880435205996e-05
-5.755858001066371799e-05 -3.665933400043286383e-05
-5.435739512904547155e-05 -6.705451232846826315e-05
-2.716585549933370203e-05 -3.353767169755883515e-05
0.000000000000000000e+00 0.000000000000000000e+00
-5.753810546593740582e-05 -3.669146099127829075e-05
-5.751546268584206700e-05 -3.672694947454147041e-05
-5.747440445702522993e-05 -3.679115980048663914e-05
-5.433563637780025601e-05 -6.707215652568265796e-05
-5.753810546593740582e-05 -3.669146099127829075e-05
-2.712840068852528930e-05 -3.356797242304310203e-05
-2.394804323557764292e-05 -6.390138878487050533e-05
3.168963758071186021e-06 -3.035353438463062048e-05
-3.035176268895156682e-05 -3.185907416991540231e-06
-5.747440445702522993e-05 -3.679115980048663914e-05
-2.391617454122751951e-05 -6.391332135535776615e-05
-2.714515358093194664e-05 -3.355442458996549249e-05
3.204636186637799256e-06 -3.034978908544871956e-05
-2.405496525170747191e-05 -6.386122549884021282e-05
-5.755858001066371799e-05 -3.665933400043286383e-05
-2.716781818890012801e-05 -3.353607826284132898e-05
-5.751546268584206700e-05 -3.672694947454147041e-05
-3.034978908544871956e-05 -3.204636186637799256e-06
-2.718457108130678535e-05 -3.352249768795445561e-05
-5.751546268584206700e-05 -3.672694947454147041e-05
-3.034997826034668833e-05 -3.202847665306762792e-06
-5.429426164482720196e-05 -6.710565503453835845e-05
-2.716388917178846896e-05 -3.353926149429753423e-05
6.345012479869183153e-06 -6.070633025956340134e-05
-2.717869756452273577e-05 -3.352725616423413157e-05
-5.753596269642002881e-05 -3.669481520773842931e-05
-2.716585549933370203e-05 -3.353767169755883515e-05
-5.433171099866740406e-05 -6.707534339511767030e-05
6.300517725321697071e-06 -6.071096504456363618e-05
-2.718652467592619359e-05 -3.352091516717337072e-05
-5.441432585939764977e-05 -6.700833182549104095e-05
-2.716585549933370203e-05 -3.353767169755883515e-05
6.375373232003767043e-06 -6.070315066608600318e-05
-5.756282553193159401e-05 -3.665266922325827181e-05
-2.405126360827125609e-05 -6.386261520674452186e-05
-5.754024459747597575e-05 -3.668811041279695928e-05
-6.070352537790313363e-05 -6.371814833983080462e-06
-2.714910442591644824e-05 -3.355122680659405887e-05
-5.754237645305693150e-05 -3.668476347229443491e-05
-2.718652467592619359e-05 -3.352091516717337072e-05
-5.433955811895430088e-05 -6.706897693220525980e-05
-2.401560777798295021e-05 -6.387603207258507609e-05
-2.401560777798295021e-05 -6.387603207258507609e-05
-2.718457108130678535e-05 -3.352249768795445561e-05
6.341467724269023165e-06 -6.070669769542291760e-05
-5.753382356488145888e-05 -3.669817670015618205e-05
-5.444397174869664013e-05 -6.698424840578809381e-05
-5.753810546593740582e-05 -3.669146099127829075e-05
-2.398368815192952752e-05 -6.388803012669086456e-05
-5.751546268584206700e-05 -3.672694947454147041e-05
-2.397994830971583724e-05 -6.388943438651040196e-05
-6.070669769542291760e-05 -6.341467724269023165e-06
-2.720133852562867105e-05 -3.350889528519473970e-05
-2.401560777798295021e-05 -6.387603207258507609e-05
-3.035194822587072849e-05 -3.184130036970600486e-06
-2.405126360827125609e-05 -6.386261520674452186e-05
-5.436523133539594710e-05 -6.704816769342869520e-05
-2.716585549933370203e-05 -3.353767169755883515e-05
-5.755858001066371799e-05 -3.665933400043286383e-05
-3.035194822587072849e-05 -3.184130036970600486e-06
-5.436914216261357069e-05 -6.704499537590891123e-05
-2.401560777798295021e-05 -6.387603207258507609e-05
-2.718652467592619359e-05 -3.352091516717337072e-05
-2.714910442591644824e-05 -3.355122680659405887e-05
3.170733862134511583e-06 -3.035334884771145880e-05
-5.757904000347480178e-05 -3.662719245767220855e-05
-2.401188066869508475e-05 -6.387742905644699931e-05
3.170733862134511583e-06 -3.035334884771145880e-05
-6.071132884244434536e-05 -6.297003892541397363e-06
-5.444010821520350873e-05 -6.698738434351980686e-05
-2.718457108130678535e-05 -3.352249768795445561e-05
-2.718652467592619359e-05 -3.352091516717337072e-05
-2.720133852562867105e-05 -3.350889528519473970e-05
-3.035176268895156682e-05 -3.185907416991540231e-06
6.304035196080803871e-06 -6.071059760870411992e-05
-2.718457108130678535e-05 -3.352249768795445561e-05
-5.440656241262331605e-05 -6.701463280478492379e-05
-5.756070459028705955e-05 -3.665600161184556782e-05
-5.440656241262331605e-05 -6.701463280478492379e-05
-2.720328120631165802e-05 -3.350731640239246190e-05
-5.436914216261357069e-05 -6.704499537590891123e-05
-3.035511690541170537e-05 -3.153778152409358881e-06
-5.755858001066371799e-05 -3.665933400043286383e-05
-2.398368815192952752e-05 -6.388803012669086456e-05
-5.756070459028705955e-05 -3.665600161184556782e-05
-3.035157533304300159e-05 -3.187686616001883522e-06
-5.753596269642002881e-05 -3.669481520773842931e-05
-2.404385122645180672e-05 -6.386540917446836829e-05
-2.401560777798295021e-05 -6.387603207258507609e-05
-8.791618893155828118e-05 -3.980625842814333737e-05
-2.398368815192952752e-05 -6.388803012669086456e-05
-2.405126360827125609e-05 -6.386261520674452186e-05
-6.070352537790313363e-05 -6.371814833983080462e-06
3.185907416991540231e-06 -3.035176268895156682e-05
3.152017598040401936e-06 -3.035529880435205996e-05
-5.437694926513358951e-05 -6.703866529278457165e-05
-2.722391582210548222e-05 -3.349055259604938328e-05
-5.448137017083354294e-05 -6.695383490296080709e-05
-5.757904000347480178e-05 -3.662719245767220855e-05
-6.070706876926124096e-05 -6.337927516142372042e-06
-2.720522388699464500e-05 -3.350574115756899118e-05
-2.716781818890012801e-05 -3.353607826284132898e-05
-5.753810546593740582e-05 -3.669146099127829075e-05
-2.722391582210548222e-05 -3.349055259604938328e-05
-5.755645543104037642e-05 -3.666267366497777402e-05
-2.722198587434832007e-05 -3.349212420289404690e-05
-5.756070459028705955e-05 -3.665600161184556782e-05
-2.722005410760175437e-05 -3.349369217175990343e-05
-5.444783164421096444e-05 -6.698110519209876657e-05
-5.755858001066371799e-05 -3.665933400043286383e-05
-2.720328120631165802e-05 -3.350731640239246190e-05
-5.444397174869664013e-05 -6.698424840578809381e-05
-2.718261566769797355e-05 -3.352408384671434760e-05
-6.071483221603557467e-05 -6.263142040552338585e-06
-2.720522388699464500e-05 -3.350574115756899118e-05
3.172506239934591576e-06 -3.035316512978170067e-05
-6.070706876926124096e-05 -6.337927516142372042e-06
-2.720133852562867105e-05 -3.350889528519473970e-05
-5.444397174869664013e-05 -6.698424840578809381e-05
-2.405496525170747191e-05 -6.386122549884021282e-05
-6.070743984309956431e-05 -6.334391855489229783e-06
-2.718652467592619359e-05 -3.352091516717337072e-05
6.304035196080803871e-06 -6.071059760870411992e-05
-5.755858001066371799e-05 -3.665933400043286383e-05
-3.035862027900293469e-05 -3.119858320133062080e-06
-5.444783164421096444e-05 -6.698110519209876657e-05
-2.409059743513353169e-05 -6.384778680512681603e-05
-6.070315066608600318e-05 -6.375373232003767043e-06
-2.720522388699464500e-05 -3.350574115756899118e-05
-2.408691761957015842e-05 -6.384917651303112507e-05
-5.448903903015889227e-05 -6.694758485537022352e-05
-5.758115003118291497e-05 -3.662387098302133381e-05
3.152017598040401936e-06 -3.035529880435205996e-05
-2.720716292969882488e-05 -3.350416591274552047e-05
-5.441044777398929000e-05 -6.701148231513798237e-05
-2.722391582210548222e-05 -3.349055259604938328e-05
-5.440656241262331605e-05 -6.701463280478492379e-05
-5.755858001066371799e-05 -3.665933400043286383e-05
-5.756070459028705955e-05 -3.665600161184556782e-05
-2.408323416602797806e-05 -6.385056622093543410e-05
-5.758115003118291497e-05 -3.662387098302133381e-05
-5.437304935185238719e-05 -6.704183033434674144e-05
-2.720328120631165802e-05 -3.350731640239246190e-05
-2.722198587434832007e-05 -3.349212420289404690e-05
-6.071446841815486550e-05 -6.266637683438602835e-06
-5.758115003118291497e-05 -3.662387098302133381e-05
-2.409427361271809787e-05 -6.384640437318012118e-05
-2.722391582210548222e-05 -3.349055259604938328e-05
-5.760158092016354203e-05 -3.659172944026067853e-05
-2.412256799289025366e-05 -6.383571599144488573e-05
3.153778152409358881e-06 -3.035511690541170537e-05
-2.720522388699464500e-05 -3.350574115756899118e-05
-2.405126360827125609e-05 -6.386261520674452186e-05
-5.759738269262015820e-05 -3.659833600977435708e-05
-2.408323416602797806e-05 -6.385056622093543410e-05
-5.444010821520350873e-05 -6.698738434351980686e-05
-5.755858001066371799e-05 -3.665933400043286383e-05
-5.444397174869664013e-05 -6.698424840578809381e-05
-2.720522388699464500e-05 -3.350574115756899118e-05
-5.756282553193159401e-05 -3.665266922325827181e-05
-5.445169153972528875e-05 -6.697797653032466769e-05
-5.758115003118291497e-05 -3.662387098302133381e-05
-2.408691761957015842e-05 -6.384917651303112507e-05
-8.791388245299458504e-05 -3.981135159847326577e-05
-5.444010821520350873e-05 -6.698738434351980686e-05
0.000000000000000000e+00 0.000000000000000000e+00
-2.404756014584563673e-05 -6.386401219060644507e-05
-5.443623740575276315e-05 -6.699052755720913410e-05
-5.758115003118291497e-05 -3.662387098302133381e-05
-2.408691761957015842e-05 -6.384917651303112507e-05
6.239716640266124159e-06 -6.071724055800586939e-05
-5.441044777398929000e-05 -6.701148231513798237e-05
-2.724260230024810880e-05 -3.347535312059335411e-05
-6.071760071790777147e-05 -6.236231911316281185e-06
6.236231911316281185e-06 -6.071760071790777147e-05
-2.412622779957018793e-05 -6.383433355949819088e-05
-5.757692997576668859e-05 -3.663051393232308328e-05
3.138573447358794510e-06 -3.035669215023517609e-05
-5.755858001066371799e-05 -3.665933400043286383e-05
-5.760158092016354203e-05 -3.659172944026067853e-05
-2.408691761957015842e-05 -6.384917651303112507e-05
-3.035705412912648171e-05 -3.135068482151837088e-06
-5.759948544437065721e-05 -3.659503272501751781e-05
-2.412256799289025366e-05 -6.383571599144488573e-05
-5.444397174869664013e-05 -6.698424840578809381e-05
-2.722391582210548222e-05 -3.349055259604938328e-05
-6.071059760870411992e-05 -6.304035196080803871e-06
-2.408691761957015842e-05 -6.384917651303112507e-05
-5.445169153972528875e-05 -6.697797653032466769e-05
-3.036053749383427203e-05 -3.101160928054014221e-06
-2.724068508541677147e-05 -3.347691745148040354e-05
-5.444783164421096444e-05 -6.698110519209876657e-05
-2.722005410760175437e-05 -3.349369217175990343e-05
-5.444783164421096444e-05 -6.698110519209876657e-05
-5.448137017083354294e-05 -6.695383490296080709e-05
-2.419023621769156307e-05 -6.381010462064296007e-05
-5.762199725722894073e-05 -3.655957334558479488e-05
-2.408691761957015842e-05 -6.384917651303112507e-05
-2.724068508541677147e-05 -3.347691745148040354e-05
6.209258117451099679e-06 -6.072036558180116117e-05
-6.071760071790777147e-05 -6.236231911316281185e-06
-2.722391582210548222e-05 -3.349055259604938328e-05
-2.412622779957018793e-05 -6.383433355949819088e-05
-5.757269173045642674e-05 -3.663716779556125402e-05
-2.409059743513353169e-05 -6.384778680512681603e-05
-2.410788874840363860e-05 -6.384126027114689350e-05
-2.721103373914957047e-05 -3.350102269905619323e-05
